-0.0614478 -0.00550906 29.6987
-0.0453535 -0.0432077 29.8193
-0.0486689 0.0354264 29.7983
-0.0324265 -0.0611144 29.3463
-0.0505369 -0.0778419 31.7508
-0.0660382 -0.0393646 32.4311
-0.039755 -0.00146121 28.1066
-0.0632906 -0.0208897 32.5922
-0.079302 0.0383553 34.1316
-0.0825881 0.0380196 34.3326
-0.0824066 0.079239 33.748
-0.0711265 0.0803583 30.7876
-0.0739789 0.0617116 32.1875
-0.0768484 0.0289577 32.831
-0.0483289 -0.0487103 25.4806
-0.0479393 0.0079899 24.3504
-0.0534903 -0.0410496 27.3391
-0.0207283 0.00124596 14.7282
0.0233928 0.000396748 -1.41359
-0.0022945 -0.0159758 9.29952
-0.0899847 -0.0370111 47.7666
-0.129508 -0.0239698 65.1671
-0.113398 -0.00486226 57.4048
-0.0213149 -0.381002 31.2987
-0.0634403 -0.147836 47.6461
-0.0495659 -0.138901 39.6405
0.017148 0.0679115 -5.42854
0.0223136 0.0324151 -7.57395
0.0418699 0.019311 -18.156
0.022864 0.00423557 -6.7646
0.0391571 -0.0212581 -16.5252
0.0538838 -0.0171708 -25.8661
-0.0201063 -0.0107812 24.2617
-0.055031 -0.0838724 49.0535
0.0172791 -0.0185226 23.9232
0.0200839 -0.0279436 21.8619
0.0532186 -0.0613181 -3.06803
0.0250819 -0.0498186 19.0382
0.00824436 -0.0343572 32.3059
-0.389402 0.0211118 362.007
0.201529 -0.0222689 -108.677
0.214113 -0.0217173 -119.859
0.23236 -0.0149387 -136.215
0.230907 -0.0206833 -134.769
0.236709 -0.0186229 -140.227
0.233327 -0.0187051 -136.99
0.233105 -0.0161727 -136.786
0.231199 -0.0130634 -134.972
0.232282 -0.0132004 -136.042
0.234629 -0.0123699 -138.504
0.229769 -0.0133166 -133.37
0.227992 -0.0168079 -131.412
0.235378 -0.010649 -139.658
0.234366 -0.0108756 -138.434
0.233639 -0.0144084 -137.656
0.237344 -0.0201557 -141.908
0.245792 -0.0181057 -151.978
0.242703 -0.0161688 -148.258
-0.0689009 0.0127098 29.3964
-0.0829429 0.000708103 29.9333
-0.0575159 0.0170909 27.6225
-0.0147788 -0.0208239 26.284
-0.047116 -0.0485001 30.3373
-0.0449423 -0.0262848 29.109
-0.0263776 -0.0139296 26.3961
-0.0547422 -0.0309456 31.2082
-0.06719 0.00272087 32.3296
-0.0530032 0.0330448 28.7316
-0.0626694 0.0697511 29.56
-0.0708138 0.068075 31.2372
-0.0826483 0.0733694 34.0993
-0.111147 0.0701269 42.0477
-0.103471 0.0227485 41.4216
0 0 -1
-0.0398774 0.00506563 21.663
-0.0183744 0.0251322 13.2408
0.0173005 0.00340773 0.519818
0.00248744 0.012988 6.69811
0.00573846 -0.0115827 6.10326
-0.139639 -0.0127156 69.8732
-0.139303 -0.0140024 69.7305
-0.00421917 -0.0329295 12.5119
-0.0852534 -0.0629685 56.6283
-0.0325434 0.00467749 25.1669
-0.0120741 0.0607952 11.1922
0.0226965 0.0356318 -7.06423
0.0142462 0.0331687 -1.86313
0.0126698 0.030745 -1.16889
0.0275928 -0.0249868 -9.09658
0.0495084 -0.0502636 -22.8749
0.0364525 -0.0142283 -14.7353
0.555521 0.0138084 -379.377
0.0448785 -0.0171355 3.46902
0.0135583 0.00214435 25.9629
0.0342548 -0.025369 10.7237
0.024072 -0.0363905 19.4563
0.00741283 -0.0539142 33.6579
0.00741283 -0.0539142 33.6579
0.210626 -0.0250741 -116.782
0.222881 -0.0177692 -127.71
0.230848 -0.0164531 -134.833
0.232853 -0.0180251 -136.602
0.236884 -0.0155578 -140.458
0.235305 -0.0152926 -138.978
0.236132 -0.0141784 -139.856
0.230926 -0.0117514 -134.704
0.231879 -0.0127869 -135.666
0.233133 -0.014336 -136.898
0.230837 -0.0136414 -134.479
0.226421 -0.0114493 -129.757
0.231689 -0.0122604 -135.54
0.231473 -0.0144958 -135.13
0.230603 -0.0141169 -134.21
0.241157 -0.0165998 -146.472
0.243232 -0.0161069 -148.903
0.240056 -0.0167624 -144.992
-0.0625313 0.00855863 29.6223
-0.069858 0.0334661 28.5117
-0.0525401 0.0498381 26.5289
-0.0562658 0.0408242 27.2161
-0.0512046 0.012036 28.6162
-0.0488318 -0.0197642 29.2319
-0.0401902 -0.0199065 28.4638
-0.0331196 -0.00882436 26.2393
-0.032027 0.00163782 25.6997
-0.0236846 0.0293577 22.3689
-0.0462121 0.0302921 27.4238
-0.058197 0.0279208 30.254
-0.068556 0.0498532 31.5796
-0.0733061 0.074421 31.2727
0 0 -1
-0.046399 0.060064 21.4425
-0.0493631 0.0384548 23.7563
-0.0181861 0.0175938 13.7718
-0.0379606 0.0462514 19.8741
0.0245029 0.0134942 -2.94167
0.0119021 -0.0271139 5.27318
0.00198815 -0.0543015 10.6264
-0.00031322 -0.0391196 10.5127
-0.020657 -0.0476915 22.1635
-0.0443872 -0.00688736 32.1492
-0.0278919 0.0152741 22.0331
0.0106549 0.0222149 0.444451
-0.000570638 0.000851736 8.39676
0.0413612 0.0233345 -17.7522
0.0191052 0.0518925 -5.8974
0.0112813 0.0451534 -1.23113
0.760514 0.130064 -501.762
0.16494 -0.0517028 -80.5133
0.0995539 -0.0200389 -36.7762
0.0620289 0.00259426 -9.71811
0.0261628 0.015846 16.1025
0.0075152 0.0312034 29.7837
0.00719277 0.00455278 31.1707
-0.0437441 0.0225178 83.7798
-0.0291081 0.0364541 70.5239
0.210354 -0.0134985 -117.042
0.224118 -0.0181133 -128.775
0.235218 -0.0140389 -138.891
0.23274 -0.0121456 -136.72
0.236991 -0.0141227 -140.609
0.23364 -0.0129222 -137.466
0.236895 -0.0144022 -140.618
0.23512 -0.0137523 -138.89
0.233433 -0.0112801 -137.351
0.230625 -0.014592 -134.225
0.230414 -0.0122019 -134.127
0.231529 -0.0125778 -135.299
0.232496 -0.0133399 -136.361
0.228502 -0.0165729 -131.666
0.234199 -0.0161139 -138.286
0.238418 -0.014537 -143.282
0.24305 -0.0175299 -148.633
0.237268 -0.0193616 -141.507
-0.0391984 -0.0132269 30.8381
-0.0400302 -0.00155491 30.0723
-0.0706831 0.0242426 29.5996
-0.0796763 0.00395555 31.5851
-0.0851844 0.00112384 32.4888
-0.0594717 -0.0155327 30.3442
-0.0395405 0.00159834 26.5329
-0.0294153 0.00194589 24.9326
-0.00514771 0.019388 19.7194
-0.0137859 0.0626661 17.8436
-0.0236117 0.0508096 20.5228
-0.0832599 0.0776749 33.0913
-0.0319334 0.0356307 22.4068
0.159517 0.0192613 -28.8159
-0.173089 0.232836 51.9959
-0.10539 0.0753404 41.0923
-0.0626194 0.0210264 29.0909
-0.0227248 0.00906741 15.927
-0.00580464 0.0138745 9.1616
0.00246659 -0.0149649 8.02414
-0.0115249 -0.056223 16.9387
-0.0114202 -0.0581755 16.6719
0.00108912 -0.0665913 11.3326
-0.00851063 -0.0848373 17.6908
-0.00122464 -0.064331 12.1579
-0.00107063 -0.0422503 11.0877
0.006813 -0.0301303 5.22365
0.0513189 -0.0314326 -20.8476
0.0928412 -0.0254915 -46.0897
0.0649017 -0.00686178 -30.1586
0.0210599 0.0600415 -7.47962
0.746439 0.153957 -493.75
0.0497337 0.0217752 -3.94165
0.0620536 0.00761425 -11.8503
0.0991912 -0.0177925 -35.4483
0.05467 0.00927881 -4.86455
0.0030776 0.0103849 35.0272
-0.0267531 -0.00372886 71.7921
-0.0297026 0.0429061 70.8724
-0.00952028 0.0540667 52.7923
0.204466 -0.0110317 -112.148
0.227031 -0.0145439 -131.599
0.236539 -0.0144995 -140.094
0.233877 -0.0140121 -137.673
0.236225 -0.0146896 -139.839
0.232133 -0.0131787 -136.034
0.233517 -0.0135657 -137.345
0.233133 -0.0159872 -136.738
0.233195 -0.0157595 -136.841
0.231265 -0.0134457 -134.964
0.231691 -0.0143514 -135.343
0.230812 -0.0142033 -134.428
0.23181 -0.014462 -135.539
0.234056 -0.0153451 -138.053
0.232187 -0.0148203 -136.023
0.237308 -0.0156303 -141.91
0.241211 -0.0198638 -146.248
0.235483 -0.017069 -139.526
-0.0391341 -0.0407318 33.1533
-0.0364914 -0.0331029 32.4206
-0.0543413 -0.0206868 32.0677
-0.0509919 -0.0278626 32.1722
-0.0783964 -0.0197352 33.5316
-0.0526365 -0.00452904 28.5464
-0.0119235 0.00108253 23.0054
-0.0154113 0.0280116 21.0447
0.00315247 0.0197926 18.5556
-0.00203046 0.0251379 19.3998
-0.00365295 0.0342991 18.6992
-0.00197348 4.79442e-05 22.3247
0.0442521 0.0835631 -2.00801
0.039456 0.048694 3.43392
0.00604534 0.0616327 12.5288
-0.13667 0.0576754 52.6227
-0.107323 0.0418586 43.3223
-0.0143433 0.0075888 12.8299
-0.0123423 0.0118339 11.8489
-0.0232212 0.00213932 17.1222
-0.0367528 -0.0112038 24.0759
-0.0355286 -0.0308635 25.2418
-0.0242717 -0.0300618 19.9463
0.00517924 -0.0332768 5.86341
0.0114021 -0.0570679 4.9372
0.0230277 -0.0669368 0.466323
0.023286 -0.0541559 -1.97526
0.0462136 -0.068302 -14.3785
0.0679368 -0.0355249 -30.1238
0.11197 -0.0237478 -58.6456
0.0936182 0.00940109 -49.8851
0.577554 0.207108 -384.259
0.10341 0.0120672 -41.101
0.0778921 0.0220025 -23.6608
0.0955263 -0.0108626 -34.2127
0.085512 0.00823736 -27.8795
0.0588447 0.0223303 -8.72282
0.0918981 -0.0577997 -19.3613
0.00704323 0.00570112 44.1446
-0.00289472 0.040967 48.6806
0.199222 -0.00845359 -107.899
0.226434 -0.0145377 -131.085
0.236571 -0.0149364 -140.044
0.234636 -0.0149267 -138.277
0.234428 -0.0145462 -138.145
0.234385 -0.0133739 -138.177
0.233476 -0.0139746 -137.234
0.233075 -0.0173227 -136.518
0.234455 -0.0130282 -138.381
0.233353 -0.0138497 -137.147
0.230055 -0.0124405 -133.791
0.228513 -0.0149644 -131.85
0.230866 -0.0151875 -134.464
0.235282 -0.0155998 -139.404
0.22972 -0.0122632 -133.347
0.236252 -0.0149965 -140.71
0.239453 -0.0151131 -144.534
0.231889 -0.0161835 -135.24
-0.023375 -0.0686992 35.6467
-0.0274289 -0.0716701 36.1571
-0.0380843 -0.0374412 32.2711
-0.0355097 -0.0275741 31.0389
-0.0692989 -0.0210178 32.7089
-0.0506371 -0.00201943 28.1676
-0.0226993 0.0117689 23.1829
-0.00240897 0.000242506 21.9553
0.00461298 0.00169199 20.4603
-0.00410013 0.0018659 21.9779
0.000528901 0.0153562 19.4612
-0.00591085 0.00929854 21.4868
-0.0275497 0.0484499 22.1723
-0.00348498 0.0303384 18.5941
0.00960387 -0.0078055 19.3537
0.00668807 -0.00171936 19.4934
0.00141658 -0.00889613 21.6552
0.00861451 0.0314741 1.55415
-0.020985 0.0464149 11.4423
-0.0432798 0.0444393 20.9192
-0.0424148 0.0265662 22.6721
-0.0400196 0.000315798 24.1893
-0.0230655 0.00841413 15.3786
-0.013266 -0.0103851 12.7004
-0.00761059 -0.031628 12.2307
-0.0074718 -0.0334143 12.2878
0.00828539 -0.0682851 7.12162
0.0597271 -0.0343471 -26.3889
0.113625 -0.0235747 -59.2738
0.10168 -0.000253749 -54.6971
0.175633 0.0145498 -103.434
0.25029 0.0513485 -155.735
0.0945223 0.0391796 -37.3975
0.102768 0.0332894 -42.1141
0.0797881 0.0113551 -24.0456
0.110274 -0.00768445 -44.0924
0.102027 -0.0983064 -23.1248
0.130617 -0.0981925 -45.5268
0.0854356 -0.0419433 -15.5994
0.0488751 -0.00948911 10.7544
0.211222 -0.0117721 -118.017
0.228097 -0.0144368 -132.588
0.236217 -0.0148954 -139.729
0.23476 -0.0146748 -138.44
0.234402 -0.0137186 -138.198
0.235631 -0.017993 -138.891
0.233311 -0.015017 -136.946
0.232072 -0.0144924 -135.802
0.235226 -0.0118887 -139.284
0.231791 -0.0126157 -135.611
0.231138 -0.0155069 -134.614
0.22893 -0.0140969 -132.366
0.231113 -0.0140324 -134.845
0.235169 -0.0114011 -139.733
0.234344 -0.0120013 -138.758
0.235745 -0.0139572 -140.215
0.235275 -0.0142768 -139.557
0.228746 -0.0113558 -131.925
-0.0121401 -0.0448451 32.0846
-0.0197177 -0.0451885 32.1171
-0.0186775 -0.0195294 28.6636
-0.0406241 -0.00817188 28.6345
-0.0698433 0.00874178 28.8392
-0.0341498 0.0158911 24.0209
-0.0383936 0.0169599 24.4246
-0.0112367 -0.0134459 24.9208
0.011497 -0.0156663 21.1995
0.0226413 -0.00896399 17.975
0.0101113 0.022712 16.24
0.000294359 0.00151262 21.1853
0.0141299 0.0120324 15.6198
0.00547998 0.00969619 18.4178
-0.0011947 -0.013895 23.1488
-0.0221667 -0.0298405 32.0301
0.0114876 -0.0375645 21.591
0.019845 -0.0318161 17.712
-0.018139 0.0631542 8.51847
-0.0576943 0.0470372 27.1696
-0.0586148 0.028691 29.2535
-0.0473311 0.0330337 23.7507
-0.0341956 0.0377941 17.3312
-0.0444421 0.0191708 24.7543
-0.144835 -0.0176377 82.1322
-0.00723679 -0.0349326 11.7964
0.000243381 -0.0454033 8.90737
0.074451 0.00291874 -40.6531
0.132936 -0.0189886 -71.3996
0.156925 0.00189641 -89.4207
0.24731 0.0294506 -151.081
0.280811 0.00128379 -168.509
0.0828588 -0.00167925 -23.6706
0.095846 -0.0214296 -30.3466
0.085136 -0.0259693 -22.9117
0.0973621 -0.0204934 -32.6218
0.162201 -0.0483699 -78.295
0.173385 -0.0473177 -86.7438
0.10953 -0.0385561 -35.6118
0.0750242 -0.0276159 -9.10792
0.213371 -0.0107579 -120.066
0.221475 -0.0108526 -127.133
0.234721 -0.0127779 -138.632
0.234829 -0.0124605 -138.748
0.232484 -0.0135552 -136.41
0.234753 -0.0154787 -138.354
0.234496 -0.0155767 -138.047
0.231895 -0.0123996 -135.885
0.233231 -0.0134046 -137.027
0.230964 -0.015384 -134.378
0.230133 -0.015786 -133.486
0.230885 -0.0138656 -134.558
0.232054 -0.0117855 -136.188
0.233335 -0.0119659 -137.574
0.232052 -0.0103747 -136.304
0.229646 -0.0115873 -133.334
0.239958 -0.0170274 -144.859
0.232437 -0.0108656 -136.552
-0.00557923 -0.0124304 27.0973
-0.00575734 -0.0152556 27.4151
-0.00114599 0.00705249 23.7105
-0.0114322 0.0137333 23.632
-0.0538305 0.0393284 23.2083
-0.0497632 0.0401746 22.4392
-0.0605177 0.0309261 25.7868
-0.0493946 0.00930536 27.1433
-0.00200028 -0.0112885 22.3566
0.0326092 -0.0147973 16.701
0.0161867 -0.00713907 19.1006
-0.00619284 0.0113237 20.448
0.00208344 0.00882192 18.8359
0.00119152 -0.02056 23.1739
-0.00715511 -0.017076 25.5057
-0.0365529 -0.0347933 37.4258
-0.018974 -0.0442006 32.4899
-0.00379396 0.0537643 4.15611
-0.011998 0.0571394 6.97222
-0.0654898 0.0621127 28.0389
-0.063857 0.0661551 25.784
-0.0360459 0.0606704 14.3215
-0.0340534 0.0407058 16.964
-0.0691331 0.038013 34.5351
-0.052333 0.0348689 25.8203
-0.0477194 0.0382486 22.6226
0.00513498 0.0208888 -3.40068
0.0641682 0.00889804 -35.1122
0.118123 -0.00727693 -64.7494
0.179361 -0.0210483 -100.286
0.236936 -0.0229485 -136.342
0.276378 -0.0275405 -161.419
0.218849 -0.0349574 -120.395
0.0594281 -0.0295855 -3.46137
0.0818826 -0.00951582 -23.295
0.117186 -0.0162959 -48.2101
0.159142 -0.0387138 -76.9645
0.192037 -0.0442021 -101.45
0.109686 -0.0557701 -32.8602
0.111799 -0.0178517 -41.392
0.21567 -0.0102266 -122.127
0.224051 -0.0110034 -129.402
0.232085 -0.0131701 -136.211
0.233809 -0.0150649 -137.451
0.23385 -0.0122646 -137.935
0.235115 -0.0116021 -139.266
0.233919 -0.0136187 -137.765
0.233064 -0.0137676 -136.835
0.231612 -0.0151388 -135.127
0.230089 -0.0160871 -133.397
0.231865 -0.0132761 -135.742
0.231083 -0.0130822 -134.888
0.234846 -0.0130676 -139.119
0.233109 -0.0138683 -137.032
0.231743 -0.0137635 -135.417
0.229246 -0.0106009 -133.03
0.236029 -0.012402 -140.745
0.235759 -0.0120037 -140.482
-0.00579511 0.00612025 23.9854
-0.00790786 0.00750881 23.7637
-0.0113587 0.0257042 20.9419
0.00237298 0.010995 22.8121
-0.0214277 0.02479 22.7886
-0.0367644 0.0320908 22.2274
-0.0449726 0.0448814 20.9326
-0.0538373 0.0446842 21.8388
-0.0315362 0.0159723 23.002
0.014029 -0.018315 21.2563
0.0265455 0.0103425 13.2864
0.00803269 0.0383913 12.0154
-0.0126996 0.0341949 18.3202
-0.0161262 0.0224774 21.2758
-0.0353939 0.00435443 30.4854
-0.0557187 -0.0145195 40.5253
-0.0758113 -0.00307914 45.0974
-0.0105963 0.0819406 1.64987
-0.0321593 0.101326 7.1209
-0.0505348 0.0888078 17.1302
-0.0557051 0.0858973 19.9241
-0.0782684 0.119574 23.693
-0.0523505 0.103258 14.4187
-0.0638807 0.0950879 21.6649
-0.0514464 0.135395 7.92958
-0.0221046 0.14214 -8.07479
0.005881 0.291795 -50.8319
0.0297211 0.277794 -62.2344
0.0989115 0.0115409 -56.0366
0.152628 0.00828336 -88.4942
0.213804 -0.0180423 -122.537
0.265241 -0.0252928 -154.774
0.22887 -0.0404933 -127.125
0.0559528 0.0059393 -7.12574
0.0857659 -0.000842872 -27.4969
0.09649 -0.0085415 -34.1426
0.123192 -0.00584573 -55.6009
0.164367 -0.0261148 -82.9487
0.132164 -0.00611554 -59.9815
0.106332 0.0209588 -43.273
0.211881 -0.0130338 -118.307
0.223688 -0.0113766 -129.017
0.23029 -0.0124949 -134.724
0.234068 -0.012324 -138.176
0.233886 -0.0147923 -137.497
0.235334 -0.0146972 -138.95
0.23581 -0.0139396 -139.589
0.234862 -0.0137509 -138.689
0.233114 -0.0129583 -137.034
0.23176 -0.00958592 -136.223
0.230376 -0.00989576 -134.701
0.231689 -0.0125725 -135.613
0.233575 -0.011231 -138.059
0.235989 -0.0129826 -140.456
0.232394 -0.0149366 -135.982
0.231329 -0.0116235 -135.298
0.233812 -0.0147767 -137.7
0.247752 -0.0111245 -155.173
0.00560589 0.0161263 22.0143
0.00415474 0.0376643 17.7591
-0.0133773 0.0489579 16.3887
-0.0136761 0.0370166 18.9539
-0.0164425 0.0188009 23.0549
-0.0315489 0.0339943 21.5459
-0.00878431 0.0349767 18.1196
-0.0397565 0.0823194 12.7865
-0.0359222 0.0724314 13.7375
-0.0186413 -0.00431396 25.1548
0.0602384 0.0103691 5.44538
-0.0483077 0.122512 10.6304
-0.0628274 0.0934257 20.6481
-0.0368931 0.065308 19.083
-0.0517309 0.0594656 24.6051
-0.0573998 0.0330469 31.733
-0.0549692 0.0454651 28.1878
-0.0798871 0.0931235 27.3918
-0.0533338 0.100696 15.6985
-0.0487977 0.10256 13.5137
-0.0474049 0.139108 5.28778
-0.0562083 0.156417 6.22038
-0.0418734 0.193713 -7.92438
-0.0284306 0.207528 -16.6558
0.0129572 0.27092 -50.5009
0.0110378 0.285626 -52.459
0.0136558 0.316364 -59.8373
0.00732592 0.306815 -54.2976
0.00187094 0.316021 -53.0749
0.0606887 0.278948 -82.0884
0.127188 0.201465 -108.899
0.206591 0.0460031 -129.127
0.199223 0.039359 -122.428
0.0605538 -0.308908 51.1146
0.118763 -0.033395 -45.2004
0.0882523 0.00321346 -29.8361
0.14355 -0.0384675 -64.8115
0.174599 -0.0498903 -86.4443
0.155933 -0.053821 -69.9479
0.13033 -0.0165015 -55.7053
0.20975 -0.0144011 -116.191
0.218783 -0.0130224 -124.352
0.232394 -0.00907256 -137.276
0.231218 -0.00949304 -136.099
0.231331 -0.0122167 -135.562
0.23534 -0.012443 -139.382
0.237776 -0.0102276 -142.28
0.233174 -0.00938233 -137.845
0.237973 -0.011149 -142.347
0.231602 -0.0118881 -135.568
0.230961 -0.0138618 -134.55
0.232406 -0.0153213 -135.846
0.233976 -0.0123363 -138.24
0.233132 -0.0138341 -137.018
0.23409 -0.014438 -138.037
0.231157 -0.0126448 -134.947
0.236921 -0.0134131 -141.651
0.240489 -0.0116544 -146.289
-0.0316337 0.121781 59.4467
-0.0311575 0.11856 60.1972
0.0813456 0.224152 -31.3202
-0.105884 0.0905837 71.8279
-0.11741 0.092726 72.9337
-0.158969 0.107796 72.8122
-0.136352 0.0950854 72.4991
-0.108049 0.0918981 69.0139
-0.00885177 -0.0138081 76.4962
-0.0250261 0.027593 27.6884
-0.0809968 0.0405488 37.3644
-0.0914608 0.0423696 39.6495
-0.0599798 0.0564179 28.2046
-0.0692963 0.0446373 33.0913
-0.0557893 0.0569023 26.3454
-0.0655188 0.0545434 29.6242
-0.0274108 0.0730695 12.3432
-0.0361768 0.13686 1.24093
-0.0260851 0.173788 -11.1104
-0.0276941 0.208459 -18.169
-0.00183253 0.241185 -36.4181
-0.0146014 0.242531 -30.8573
-0.00188597 0.27662 -44.1525
0.0194064 0.312723 -62.4369
0.0268572 0.327734 -69.5399
0.0214881 0.31896 -64.6499
0.00501004 0.320533 -55.7976
0.00278793 0.314093 -53.1167
-0.00112964 0.315438 -51.1259
0.0184524 0.298126 -59.5887
0.0893232 0.257784 -96.0027
0.127968 0.175021 -103.829
0.145954 0.131813 -105.466
0.186868 0.0687117 -119.707
0.193581 -0.0344585 -100.187
0.133356 -0.0121674 -60.8571
0.111232 -0.00406414 -46.3542
0.123936 -9.76748e-05 -56.7175
0.143369 -0.041678 -63.0437
0.141799 -0.0362877 -62.8054
0.213128 -0.0116128 -119.692
0.221178 -0.0126566 -126.578
0.233816 -0.00908253 -138.581
0.234634 -0.00871823 -139.426
0.233571 -0.0118647 -137.75
0.236879 -0.00898303 -141.62
0.236412 -0.0105366 -140.851
0.236133 -0.00655656 -141.424
0.235831 -0.0106298 -140.27
0.230186 -0.0125917 -133.936
0.23137 -0.0133977 -135.084
0.230669 -0.013709 -134.23
0.229165 -0.0115675 -133.039
0.231815 -0.0113859 -136.094
0.235654 -0.00747785 -141.395
0.238803 -0.0128746 -143.935
0.241939 -0.00810471 -148.811
0.242407 -0.0108646 -148.744
-0.036232 0.1222 59.4484
-0.0419882 0.114812 61.4943
-0.0562034 0.106957 64.1906
-0.0915857 0.094338 69.886
-0.13745 0.0987984 73.4461
-0.170208 0.102488 76.3704
-0.159518 0.0944275 75.8194
-0.128773 0.0790575 75.0975
-0.075827 0.00794905 83.3517
-0.0393604 -0.0132048 40.1193
-0.0653653 0.00399258 41.8649
-0.0730864 0.030119 37.5184
-0.0739057 0.0383106 35.7413
-0.0371923 0.0689201 17.7587
-0.00692486 0.184097 -19.3395
0.000235567 0.249768 -38.2919
0.000789219 0.276082 -44.9475
0.00212806 0.266113 -43.0825
-0.022517 0.258853 -31.9345
0.00347192 0.283119 -48.4431
0.013783 0.312801 -60.0099
0.0192216 0.318441 -63.6821
0.0261697 0.337792 -71.4861
0.0301802 0.346304 -75.3787
0.0232133 0.342813 -70.9638
0.0100365 0.328891 -60.5743
0.00829059 0.328773 -59.5886
-0.00137062 0.328311 -53.9386
-0.00423573 0.324239 -51.2748
0.00482003 0.321369 -56.2704
0.0456429 0.297759 -76.7443
0.0733877 0.271278 -88.2843
0.0752361 0.253024 -84.8377
0.0683419 0.189324 -64.4352
0.168858 0.0519921 -102.912
0.140887 0.0225667 -75.1981
0.114563 0.0649784 -65.7536
0.137906 0.0468379 -79.7678
0.143147 0.0194382 -77.879
0.155267 0.0273723 -88.9831
0.214046 -0.00757819 -121.374
0.217722 -0.00915658 -124.336
0.233763 -0.00978136 -138.383
0.233225 -0.0094803 -137.921
0.230487 -0.0100709 -135.243
0.238356 -0.0103246 -142.771
0.237535 -0.00942257 -142.21
0.236728 -0.0110089 -140.996
0.229594 -0.0094113 -134.133
0.230028 -0.0148187 -133.247
0.231419 -0.013755 -135.063
0.230789 -0.0155972 -133.887
0.2292 -0.0130659 -132.758
0.23426 -0.00985886 -139.248
0.233754 -0.01265 -137.878
0.237381 -0.0124949 -142.277
0.240655 -0.0108286 -146.581
0.236738 -0.0105023 -141.913
-0.0418563 0.122158 59.5382
-0.0453133 0.11614 61.2666
-0.0585316 0.112561 62.8709
-0.0861161 0.100587 67.863
-0.117112 0.0940268 72.3034
-0.151902 0.112837 70.8863
-0.171356 0.116599 72.2427
-0.180663 0.130656 69.8605
-0.130817 0.0658891 78.7264
-0.091445 -0.0014062 89.0767
-0.0116115 0.235991 -30.3466
-0.0151277 0.218422 -24.7711
-0.000242685 0.306429 -52.3455
0.0129819 0.333377 -63.5796
0.00695992 0.288972 -49.9065
0.00563626 0.266233 -44.0807
0.000777014 0.275404 -44.8473
0.0120801 0.303378 -56.6033
0.0223544 0.335052 -69.1902
0.0261118 0.347272 -73.7318
0.0219854 0.338363 -69.5803
0.0264491 0.346902 -73.8237
0.0325629 0.349468 -77.3084
0.0229874 0.340712 -70.2707
0.0140368 0.334173 -63.9586
0.00654783 0.331597 -59.3414
0.00362734 0.33069 -57.4635
-0.00230014 0.329752 -53.7719
-0.0031157 0.330039 -53.4218
-0.00147655 0.327947 -53.9393
0.0275078 0.301388 -65.6374
0.055453 0.276711 -77.5722
0.0774813 0.257615 -87.4492
0.0527344 0.261012 -70.8356
0.0662412 0.21952 -70.4122
0.10344 0.138083 -76.8619
0.0975473 0.0232158 -41.2223
0.131046 0.0580206 -76.7009
0.153191 0.0373427 -89.1115
0.142034 0.0620655 -86.3964
0.215602 -0.00656099 -123.036
0.223404 -0.00559283 -130.242
0.234439 -0.00820699 -139.388
0.231246 -0.00851304 -136.351
0.232188 -0.0109635 -136.598
0.236483 -0.00925003 -141.191
0.232341 -0.00961311 -137.037
0.235921 -0.0125994 -139.814
0.231308 -0.0138437 -134.807
0.22991 -0.010929 -134.069
0.227351 -0.0098424 -131.684
0.230825 -0.012133 -134.84
0.231943 -0.0118681 -136.132
0.233822 -0.0125449 -138.013
0.231742 -0.0156406 -134.808
0.241577 -0.0138911 -146.917
0.24117 -0.0120456 -146.866
0.240185 -0.0107963 -146.03
-0.0192724 0.0257548 74.7782
-0.0185499 0.0216168 75.9606
-0.0194969 0.0140211 78.2161
0.477141 0.00498407 38.337
0.475198 0.0559418 23.5599
-0.121394 0.114648 66.4892
-0.130217 0.126149 64.4108
-0.174387 0.126794 70.7923
-0.178612 0.103658 78.1037
-0.17159 0.0679247 86.1782
0.0102266 0.290539 -50.4672
-0.0183957 0.310015 -48.8455
-0.0034914 0.293999 -47.7062
0.00743496 0.294868 -51.7816
0.0151774 0.300601 -55.967
0.00359363 0.311468 -55.7143
0.0275347 0.337177 -71.2589
0.0243859 0.340207 -70.8184
0.0198046 0.344704 -70.4205
0.0234738 0.342709 -71.3173
0.0268449 0.349277 -74.5748
0.0240005 0.34869 -73.0086
0.0194394 0.339281 -68.1422
0.0155537 0.330378 -63.6768
0.00981807 0.32958 -60.5559
0.00666747 0.329746 -58.9437
0.00472382 0.328153 -57.3891
0.000710908 0.329387 -55.4142
-0.00348951 0.329548 -53.0017
-0.00533565 0.330535 -52.1914
0.00117942 0.32383 -54.4956
0.0186994 0.310043 -62.2088
0.0612044 0.278264 -82.12
0.0717845 0.274612 -87.8267
0.0312367 0.300973 -66.1316
0.014603 0.298252 -53.2219
0.00557565 0.30905 -49.4273
0.059654 0.146488 -45.9021
0.104917 0.00507646 -41.7688
0.130086 -0.13283 -23.1918
0.217124 -0.0100842 -123.434
0.222728 -0.00965762 -128.572
0.232012 -0.0105192 -136.581
0.23357 -0.0126595 -137.336
0.231609 -0.0102284 -136.259
0.235054 -0.00934933 -139.822
0.232046 -0.0110726 -136.326
0.231295 -0.0107899 -135.669
0.232619 -0.0114468 -136.839
0.230955 -0.00969179 -135.496
0.227136 -0.0115285 -130.971
0.23472 -0.0125903 -138.948
0.229821 -0.00999875 -134.26
0.231201 -0.0134686 -134.801
0.232267 -0.00924178 -137.242
0.240919 -0.00926503 -147.465
0.249602 -0.0100412 -157.62
0.244836 -0.00962279 -151.982
-0.0228772 0.026817 74.5013
-0.023194 0.0236019 75.5021
-0.0227749 0.0186922 76.983
-0.0179439 0.0029741 81.4469
0.421395 -0.0187332 51.4834
-0.103761 0.0470245 85.8665
-0.163596 0.0906639 80.281
-0.200833 0.0823982 87.969
-0.171672 0.0655595 87.5338
-0.188874 0.0761659 87.6306
-0.162197 0.0811436 80.6887
-0.0137341 0.283279 -41.7312
-0.0107586 0.286449 -44.1209
0.00413589 0.31929 -58.4257
0.0135505 0.338256 -66.9754
0.0266493 0.355183 -76.1696
0.026106 0.349597 -74.3424
0.026166 0.351755 -74.8716
0.0174004 0.354326 -72.2862
0.023938 0.353785 -74.7593
0.0265824 0.349115 -74.3144
0.0170691 0.34247 -67.9579
0.0136014 0.337413 -64.7769
0.00731333 0.334352 -60.7281
0.00780572 0.328462 -59.1891
0.00696501 0.326531 -58.1123
0.00566277 0.328036 -57.8681
-0.000138416 0.324547 -53.4866
-0.00314071 0.325097 -51.8907
-0.00529006 0.326144 -50.8996
-0.00151826 0.327315 -53.7159
0.000368406 0.322198 -53.434
0.0268293 0.304376 -66.1095
0.0633859 0.268072 -80.4919
0.055006 0.286187 -79.2455
0.0220907 0.33661 -69.7326
-0.00620527 0.393717 -65.1374
0.0146995 0.375362 -74.7327
-0.039686 0.496492 -70.1082
-0.00612245 0.502933 -100.344
0.229031 -0.0100475 -133.751
0.222888 -0.000908205 -131.432
0.228905 -0.00385614 -135.796
0.230113 -0.00661662 -135.968
0.231547 -0.00778295 -136.964
0.233453 -0.00818152 -138.629
0.231949 -0.00779812 -137.229
0.231701 -0.0078379 -136.956
0.234379 -0.0105831 -138.873
0.229242 -0.0122973 -132.958
0.228185 -0.00809738 -133.149
0.234952 -0.0109971 -139.641
0.233878 -0.0107834 -138.507
0.227353 -0.00811518 -132.033
0.234762 -0.00751319 -140.659
0.235232 -0.00148214 -143.117
0.24786 -0.00340952 -157.499
0.241383 -0.00560855 -149.015
-0.0249581 0.0281658 74.0964
-0.0251364 0.0267158 74.5755
-0.0249249 0.0258457 74.8451
0.140625 2.23828 -685.121
0.343819 -0.0665766 74.0434
-0.103453 -0.00559901 102.707
-0.121846 0.0234695 95.7672
-0.177696 0.0527559 94.0009
-0.197553 0.0618788 93.3827
-0.176001 0.0555848 91.9164
-0.221628 0.00964205 115.791
0.00695859 0.312767 -57.0881
0.0158209 0.335831 -66.7439
0.0150866 0.335375 -66.1811
0.0190523 0.341931 -69.6429
0.0315018 0.338965 -72.605
0.0284134 0.344315 -73.4407
0.0259743 0.343639 -72.3017
0.0214278 0.348301 -71.9828
0.0199033 0.34682 -70.8789
0.0191689 0.340729 -68.5064
0.0176921 0.33091 -64.6039
0.00865142 0.329338 -59.8504
0.00486303 0.328643 -57.793
0.00835699 0.328336 -59.4897
0.0101672 0.325756 -59.5976
0.00313062 0.326491 -55.9445
-0.000875768 0.327153 -53.8997
-0.000985498 0.324514 -53.0044
-0.00619384 0.325249 -50.0419
-0.00485781 0.3264 -51.2939
-0.00117591 0.326811 -53.8552
0.00769679 0.321428 -58.2001
0.0375145 0.295528 -70.7666
0.0846982 0.256308 -92.0031
0.0966606 0.263206 -102.758
0.0583441 0.337289 -97.3322
0.0456441 0.324121 -82.711
0.0188921 0.406861 -88.484
0.021443 0.427739 -98.3961
0.0698772 0.310067 -100.617
0.166924 0.0480901 -97.9587
0.222964 0.00927337 -134.844
0.232006 -0.000658962 -139.701
0.231281 -0.00490449 -137.609
0.23383 -0.00486098 -140.032
0.231328 -0.00751417 -136.684
0.231102 -0.00657332 -136.749
0.232215 -0.0113233 -136.328
0.230383 -0.00737 -135.768
0.233508 -0.00925346 -138.483
0.231002 -0.00834757 -136.107
0.236016 -0.00761787 -141.905
0.229257 -0.00620264 -134.778
0.236341 -0.00628262 -142.951
0.243602 -0.00628403 -151.376
0.239908 -0.00307202 -147.994
0.237741 -0.00469869 -144.851
-0.0257238 0.0288508 73.8746
-0.025465 0.0282237 74.0802
-0.0234476 0.0280386 74.0439
-0.0201126 0.0297188 73.2391
0.343256 0.00469578 49.8116
-0.0692994 -0.0119088 100.519
-0.108347 0.0340245 90.1515
-0.208779 0.0327936 106.292
-0.23133 0.0317392 109.65
-0.220095 0.0236727 110.986
-0.22337 0.0259056 110.391
0.0300505 0.337267 -70.4984
0.0124488 0.329194 -63.2612
0.0244819 0.33245 -67.9153
0.0241352 0.346721 -72.8296
0.0267763 0.338223 -70.712
0.0278601 0.344438 -73.2753
0.0255426 0.342917 -71.9216
0.0259725 0.337403 -70.0943
0.0154705 0.338457 -66.2075
0.014829 0.333807 -64.2955
0.0126906 0.325023 -60.2911
0.00809054 0.321458 -56.8971
0.00841235 0.321346 -57.0069
0.00630725 0.324923 -57.1671
0.00527875 0.322024 -55.6051
0.00297441 0.322697 -54.5619
0.00038589 0.323039 -53.215
-0.00269683 0.324355 -51.8217
-0.0061774 0.322977 -49.2099
-0.00294301 0.325765 -52.285
-0.00203076 0.326992 -53.3129
0.000766659 0.321198 -53.2063
0.0154827 0.307924 -59.0397
0.0580147 0.26605 -75.5461
0.103781 0.261971 -108.367
0.106074 0.260902 -109.259
0.0842456 0.262268 -92.6369
0.0524793 0.311528 -84.1306
0.0252066 0.347074 -74.2936
0.019331 0.35885 -73.3657
0.0188886 0.321926 -60.3316
0.137045 0.10536 -89.9866
0.221024 0.010659 -133.486
0.228525 5.78381e-05 -136.721
0.230903 -0.00534177 -137.013
0.231624 -0.0108411 -135.809
0.231903 -0.00668724 -137.527
0.230369 -0.00772147 -135.619
0.229221 -0.00856118 -134.121
0.234367 -0.003617 -141.377
0.234298 -0.0113174 -138.73
0.234613 -0.00741247 -140.483
0.231344 -0.0105866 -135.68
0.237308 -0.00271828 -145.331
0.238827 -0.00829879 -145.087
0.237114 -0.00878614 -142.788
0.23711 -0.00974199 -142.425
-0.0258361 0.0294661 73.6613
-0.0260456 0.0293176 73.7178
-0.0265083 0.0279567 74.2365
-0.0277919 0.0217297 76.5978
0.293338 0.0364975 43.6832
-0.0573409 -0.000944048 95.2003
-0.0894202 0.0222665 91.5195
-0.177451 0.0228896 104.546
-0.229973 0.0324944 109.56
-0.223228 0.020941 112.559
-0.663545 0.0320858 202.2
0.00773253 0.307913 -54.5588
0.00999661 0.29879 -51.9159
0.0269972 0.319602 -64.0656
0.025663 0.323916 -65.2356
0.0219684 0.323381 -63.8637
0.026096 0.320797 -64.3055
0.0236865 0.325717 -65.1155
0.0173093 0.320639 -60.774
0.0135236 0.308646 -54.9228
0.0149945 0.303306 -53.6306
0.010558 0.308159 -53.3663
0.00795776 0.303289 -50.4108
0.00597136 0.299794 -48.1753
0.00673421 0.303644 -49.898
0.00428414 0.301015 -47.6572
0.00427363 0.305229 -49.1365
0.00176463 0.306206 -48.0536
-0.00495847 0.305876 -43.9379
-0.00382318 0.301234 -43.0093
-0.00274073 0.306345 -45.5428
-0.000272146 0.306302 -47.1939
1.21444e-05 0.310492 -48.8944
0.00501554 0.303882 -50.0578
0.0279078 0.279449 -57.9356
0.0860727 0.234199 -84.9269
0.0995269 0.214662 -88.1502
0.0949474 0.232531 -90.7763
0.0563348 0.284002 -77.9372
0.0585761 0.324398 -94.4581
0.0159751 0.351248 -67.3517
-0.00959329 0.326013 -36.5216
0.0306 0.279202 -55.8251
0.151456 0.0590879 -86.1132
0.211134 0.0108293 -124.21
0.2289 -0.0115256 -132.923
0.230775 -0.0134061 -134.087
0.234644 -0.00975898 -139.226
0.230479 -0.00703234 -135.972
0.233443 -0.00469099 -139.919
0.23332 -0.000747461 -141.236
0.231983 -0.00168458 -139.536
0.227948 -0.00319144 -134.504
0.230018 -0.0113032 -133.918
0.236854 -0.00752531 -143.128
0.245318 -0.00489811 -153.947
0.242076 -0.00123163 -151.383
0.239013 -0.000184909 -148.071
