0 1 1
1 2 3
2 3 3
3 4 0
4 5 0
5 6 3
6 7 3
7 8 3
8 10 3
10 11 3
11 12 3
12 13 3
13 15 3
15 16 3
16 17 2
17 18 2
18 19 3
19 20 0
20 21 3
21 22 3
22 23 3
23 24 3
24 25 3
25 26 3
26 27 3
27 28 1
28 29 3
29 30 3
30 31 3
31 33 3
33 34 3
34 36 0
36 37 3
37 38 3
38 39 3
39 40 3
40 41 0
41 42 3
42 43 3
43 102 3
45 102 3
45 46 3
46 47 3
47 48 3
48 107 3
50 107 3
50 51 3
51 52 3
52 53 3
53 54 3
54 55 3
55 56 3
56 57 3
35 36 3
34 35 3
16 74 1
20 79 3
21 79 3
7 65 1
8 65 1
6 65 1
10 68 3
19 77 0
20 77 3
8 66 1
15 72 3
5 63 2
65 66 3
13 72 3
6 63 3
15 73 3
16 73 3
33 91 3
36 94 3
3 62 3
8 68 3
34 91 3
41 99 3
4 62 2
5 62 1
37 95 3
38 96 3
40 99 0
52 110 3
53 110 3
1 60 3
2 60 3
6 64 2
67 68 0
11 69 3
20 78 3
27 85 3
28 87 3
29 87 3
31 89 3
34 92 3
35 92 3
36 95 3
37 96 3
43 101 3
50 108 3
56 114 3
64 65 3
8 67 1
10 69 3
12 70 3
12 71 3
13 71 3
78 79 3
28 85 0
30 87 3
35 93 3
36 93 3
39 96 3
41 100 3
42 100 3
101 102 3
45 103 3
46 103 3
47 106 3
48 106 3
51 108 3
53 111 3
55 114 3
0 58 1
1 58 0
1 59 3
3 60 3
63 64 3
11 70 3
73 74 1
22 80 3
23 81 3
24 82 3
25 83 3
26 84 3
28 86 0
30 89 3
92 93 3
39 98 3
40 98 3
47 105 3
107 108 3
51 109 3
51 110 3
110 111 3
54 111 3
57 115 3
58 59 1
62 63 0
68 69 3
21 80 3
80 81 3
81 82 3
82 83 3
83 84 3
84 85 3
85 86 2
86 87 2
91 92 3
93 94 3
94 95 3
99 100 3
43 100 3
46 105 3
106 107 3
114 115 3
66 67 3
69 70 3
108 109 3
59 60 3
70 71 3
30 88 3
98 99 0
100 101 3
102 103 3
46 104 3
109 110 3
54 112 3
55 112 3
71 72 3
87 88 3
88 89 3
95 96 3
104 105 3
60 62 3
77 78 3
39 154 3
105 106 3
72 73 3
18 77 0
96 154 3
98 154 3
103 104 3
112 114 3
33 89 3
60 119 0
16 133 3
79 80 3
111 112 3
59 118 3
60 118 3
62 119 0
62 120 0
74 133 0
33 148 3
119 120 3
62 121 0
63 121 3
16 18 1
89 148 3
91 148 3
68 126 3
18 133 0
18 134 0
96 153 3
77 134 3
112 171 3
69 126 2
114 171 3
68 125 1
120 121 3
67 125 3
69 128 3
95 153 3
100 158 3
101 158 3
118 119 0
66 124 3
67 124 3
70 128 3
133 134 3
101 160 3
102 160 3
70 129 3
71 129 3
73 131 3
74 131 0
103 160 3
108 166 3
63 122 3
64 122 3
78 136 3
79 136 3
79 138 3
80 138 3
109 166 3
59 117 3
117 118 3
128 129 3
77 135 3
81 139 3
99 215 3
110 168 3
58 117 2
65 124 3
78 135 3
80 139 3
85 144 2
86 144 3
100 215 3
109 168 3
112 170 3
114 172 3
58 116 3
65 122 3
65 123 3
72 131 3
131 132 1
74 132 3
79 137 3
82 140 3
83 141 3
84 142 3
85 143 3
91 149 3
93 151 3
94 151 3
153 154 3
98 156 0
99 156 3
101 159 3
105 163 3
106 164 3
107 164 3
107 166 3
109 167 3
111 170 3
171 172 3
115 173 3
116 117 0
121 122 3
123 124 3
124 125 3
69 127 3
127 128 3
72 130 3
134 135 3
136 137 3
137 138 3
139 140 3
140 141 3
141 142 3
142 143 3
87 144 2
92 149 3
94 153 3
158 159 3
159 160 3
105 164 3
111 168 3
170 171 3
172 173 3
122 123 3
72 129 3
132 133 0
166 167 3
167 168 3
111 169 3
129 130 3
130 131 3
135 136 3
143 144 2
151 153 3
154 212 3
154 213 0
158 215 3
103 161 3
138 139 3
148 149 3
92 150 3
98 213 0
160 161 3
104 163 3
168 169 3
169 170 3
93 150 3
212 213 0
156 215 3
104 161 3
163 164 3
107 223 3
126 127 3
164 223 3
166 223 3
149 150 3
125 126 3
88 144 2
150 151 3
156 213 3
129 188 3
130 188 3
133 191 3
88 205 0
89 205 0
89 206 0
148 206 0
118 176 3
134 191 3
139 197 3
88 204 0
205 206 3
153 211 3
138 197 3
117 176 3
126 184 3
132 190 3
204 205 3
104 220 3
163 220 3
125 184 3
156 214 3
161 220 3
164 222 3
121 179 3
126 128 2
153 210 3
214 215 3
163 222 3
170 229 3
171 229 3
119 176 3
120 179 3
126 186 3
128 186 3
135 193 3
151 210 3
166 225 3
122 180 3
123 182 3
124 182 3
184 186 3
136 193 3
144 202 0
150 209 3
151 209 3
213 214 3
167 225 3
167 226 3
168 226 3
168 227 3
169 227 3
176 177 3
119 177 3
121 180 3
134 193 3
144 204 0
148 207 3
166 224 3
171 230 3
172 230 3
116 174 0
117 175 3
122 181 3
123 181 3
125 183 3
129 186 3
130 189 3
131 189 3
131 190 1
132 191 0
191 192 3
134 192 3
136 194 3
136 195 3
137 195 3
138 196 3
140 198 2
141 198 2
149 207 3
154 211 3
158 216 3
159 217 3
160 217 3
160 218 3
170 228 3
173 231 3
174 175 3
175 176 3
120 177 3
179 180 3
180 181 3
181 182 3
182 183 3
183 184 3
192 193 3
193 194 3
195 196 3
139 198 2
141 143 3
149 208 3
150 208 3
215 216 3
216 217 3
161 218 3
223 224 3
226 227 3
227 228 3
228 229 3
229 230 3
230 231 3
129 187 3
196 197 3
202 204 3
224 225 3
225 226 3
186 187 3
187 188 3
197 198 0
143 198 2
143 201 3
143 202 3
208 209 3
222 223 3
189 190 1
190 191 0
194 195 3
198 201 3
207 208 3
217 218 3
220 222 3
188 189 3
206 207 1
201 202 3
209 210 3
212 270 3
177 179 3
177 236 3
179 236 3
213 270 1
210 211 3
161 277 3
220 277 3
202 261 3
211 212 3
204 261 3
210 268 0
191 249 3
201 258 3
209 267 0
210 267 0
218 277 3
190 249 0
267 268 3
220 278 3
222 280 3
179 238 3
180 238 3
192 249 3
197 256 0
198 256 2
198 257 2
201 257 3
277 278 3
222 278 3
223 280 3
187 246 3
188 246 3
192 251 3
193 251 3
194 252 3
257 258 3
204 262 3
179 237 3
181 239 3
183 242 3
184 242 3
186 243 3
189 246 3
195 252 3
201 259 3
202 259 3
205 262 3
208 266 3
209 266 3
215 273 3
216 273 3
217 275 3
222 279 3
224 282 3
225 282 3
225 283 3
226 283 3
236 237 3
237 238 3
180 239 3
184 243 3
190 248 3
213 271 3
214 273 3
278 279 3
228 287 3
229 287 3
175 233 3
176 233 3
238 239 3
189 248 1
192 250 3
266 267 0
214 271 3
217 276 3
230 287 3
174 232 3
176 234 3
177 235 3
182 239 3
182 240 3
183 241 3
249 250 3
195 253 3
196 254 3
197 255 3
202 319 3
205 263 3
206 264 3
207 265 3
207 266 3
214 272 3
216 275 3
218 276 3
223 281 3
223 282 3
226 284 3
227 286 3
228 286 3
230 288 3
231 289 3
232 233 3
234 235 3
235 236 3
239 240 3
240 241 3
241 242 3
186 302 3
251 252 3
252 253 3
253 254 3
254 255 3
255 256 0
258 259 3
261 319 3
261 262 3
262 263 3
206 263 3
264 265 1
211 270 3
272 273 3
275 276 3
279 280 3
280 281 3
281 282 3
283 284 3
227 284 3
287 288 3
288 289 3
233 234 3
243 302 3
256 257 3
210 269 3
211 269 3
270 271 0
271 272 3
282 283 3
250 251 3
265 266 3
286 287 3
187 245 3
256 314 3
263 264 3
268 269 1
276 277 3
242 243 3
245 246 3
186 245 3
248 249 0
255 314 0
273 275 3
284 286 3
245 302 3
270 328 0
246 305 3
189 305 3
269 270 3
271 328 3
248 305 3
249 307 3
259 319 3
259 318 3
273 332 3
275 332 3
286 343 3
248 307 0
318 319 3
284 343 3
278 336 3
248 365 0
286 344 3
287 345 3
307 365 3
255 313 0
279 336 3
279 337 3
286 345 3
313 314 3
268 326 1
272 330 3
273 330 3
269 326 3
269 328 0
277 336 3
233 292 3
234 292 3
238 296 3
239 297 3
240 297 3
245 304 3
246 304 3
262 320 3
264 322 3
265 323 3
271 329 3
275 333 3
276 333 3
343 344 3
232 290 3
233 291 3
235 293 3
236 294 3
237 295 3
239 296 3
240 298 3
241 299 3
242 300 3
243 301 3
304 305 3
250 307 3
250 308 3
251 309 3
252 310 3
253 310 3
261 320 3
263 322 3
266 323 3
269 327 3
272 329 3
273 331 3
276 334 3
277 334 3
277 335 3
279 338 3
280 338 3
281 338 3
282 340 3
283 341 3
284 342 3
288 346 3
289 347 3
290 291 3
292 293 3
293 294 3
294 295 3
295 296 3
297 298 3
298 299 3
299 300 3
300 301 3
245 303 3
251 308 3
309 310 3
257 316 3
258 316 3
263 320 3
322 323 1
326 327 3
328 329 3
330 331 3
331 332 3
334 335 3
336 337 3
337 338 3
281 340 3
282 341 3
341 342 3
342 343 3
345 346 3
346 347 3
291 292 3
296 297 3
303 304 3
248 306 3
254 312 0
257 315 3
327 328 0
332 333 3
333 334 3
335 336 3
344 345 3
307 308 3
308 309 3
253 369 0
253 312 0
263 321 3
340 341 3
302 303 3
310 369 0
255 312 0
257 314 3
315 316 3
259 316 3
321 322 3
301 302 3
305 306 3
306 365 0
312 369 3
312 313 3
319 320 3
314 315 3
320 321 3
266 325 3
267 325 1
268 325 1
325 326 3
316 318 3
266 382 3
329 330 3
281 397 3
319 377 3
323 382 3
338 397 3
340 397 3
320 377 3
325 382 3
318 377 3
316 374 3
315 374 3
329 388 3
330 388 3
316 375 3
374 375 3
318 375 3
291 349 3
292 349 3
293 351 3
314 373 3
315 373 3
328 386 3
329 386 3
331 388 3
336 394 3
292 350 3
292 351 3
301 359 3
305 421 3
310 427 0
329 387 3
387 388 3
337 394 3
302 359 3
308 365 3
369 427 3
373 374 3
320 378 3
342 400 3
343 401 3
345 404 3
346 404 3
347 405 3
290 348 3
349 350 3
350 351 3
293 352 3
294 352 3
295 353 3
296 354 3
297 355 3
298 356 3
299 357 3
300 358 3
302 360 3
302 361 3
303 361 3
304 362 3
305 362 3
308 366 3
309 366 3
321 378 3
322 381 1
323 381 3
382 383 0
325 383 0
331 389 3
332 390 3
333 392 3
334 392 3
334 393 3
335 393 3
337 395 3
338 395 3
338 396 3
340 398 3
341 399 3
341 400 3
342 401 3
344 401 3
344 402 3
345 402 3
404 405 3
348 349 3
351 352 3
294 353 3
353 354 3
354 355 3
355 356 3
356 357 3
357 358 3
358 359 3
359 360 3
361 362 3
306 421 3
309 367 3
310 367 3
318 376 3
326 383 0
327 386 0
388 389 3
389 390 3
333 390 3
393 394 3
396 397 3
398 399 3
401 402 3
345 403 3
310 426 3
312 370 3
375 376 3
381 382 3
395 396 3
397 398 3
400 401 3
402 403 3
403 404 3
352 353 3
360 361 3
362 421 3
366 367 3
313 370 3
376 377 3
377 378 3
327 385 0
390 392 3
392 393 3
394 395 3
365 366 3
369 370 3
313 371 3
314 371 3
327 383 0
327 384 0
386 387 3
399 400 3
306 480 3
321 380 3
322 380 3
380 381 1
385 386 3
421 480 3
365 480 1
367 426 3
426 427 0
380 438 3
383 384 3
370 371 3
371 373 3
366 424 3
365 423 3
367 424 3
321 437 0
321 438 0
382 441 0
383 441 3
390 449 3
392 449 3
376 435 3
377 435 3
378 437 0
437 438 3
382 440 3
423 480 1
373 431 3
381 440 3
371 431 3
440 441 0
386 444 3
387 444 3
392 450 3
375 433 3
393 450 3
399 458 3
400 458 3
355 413 3
356 413 3
376 433 3
388 446 3
401 458 3
403 461 3
351 409 3
378 435 3
389 446 3
404 461 3
350 409 3
378 436 3
384 442 3
389 448 3
390 448 3
397 455 3
402 460 3
374 433 3
327 442 0
387 445 3
387 446 3
449 450 3
398 455 3
401 460 3
404 462 3
348 406 3
349 407 3
350 408 3
352 410 3
353 411 3
354 412 3
356 414 3
357 415 3
358 416 3
359 417 3
360 418 3
361 419 3
362 420 3
365 424 3
367 425 3
370 428 3
374 432 3
376 434 3
435 436 3
385 444 3
396 455 3
398 456 3
399 457 3
401 459 3
460 461 3
461 462 3
405 462 3
405 463 3
406 407 3
407 408 3
408 409 3
409 410 3
410 411 3
411 412 3
412 413 3
414 415 3
415 416 3
416 417 3
417 418 3
418 419 3
419 420 3
420 421 3
427 428 3
370 429 3
371 429 3
431 432 3
432 433 3
433 434 3
383 442 3
389 447 3
393 452 3
394 452 3
396 454 3
455 456 3
456 457 3
457 458 3
458 459 3
459 460 3
462 463 3
413 414 3
445 446 3
446 447 3
454 455 3
423 424 3
424 425 3
428 429 3
434 435 3
448 449 3
395 454 3
425 426 3
447 448 3
395 511 3
385 502 3
444 445 3
454 511 3
380 440 1
441 442 3
327 502 0
444 502 3
424 481 3
441 499 3
442 499 3
442 501 1
327 501 3
394 511 3
423 481 3
501 502 0
450 452 3
452 511 3
450 508 3
450 509 3
452 509 3
423 538 3
371 489 3
431 489 3
435 493 3
480 538 0
445 502 3
508 509 3
425 483 3
429 489 3
426 483 3
440 499 0
436 494 3
380 497 3
440 497 0
463 521 3
438 497 3
421 479 3
479 480 1
449 507 3
449 508 3
456 514 3
420 479 3
424 482 3
425 482 3
432 490 3
433 490 3
446 504 3
507 508 3
457 514 3
428 486 3
437 495 3
438 495 3
445 504 3
452 510 3
455 514 3
458 516 3
459 516 3
408 466 3
409 466 3
409 467 3
481 482 3
427 486 3
432 489 3
434 493 3
499 500 3
442 500 3
448 506 3
448 507 3
510 511 3
406 464 3
407 465 3
410 468 3
411 469 3
412 470 3
413 471 3
414 472 3
415 473 3
416 474 3
417 475 3
418 476 3
419 477 3
420 478 3
428 487 3
429 487 3
435 494 3
440 498 3
499 557 3
445 503 3
506 507 3
454 512 3
455 513 3
460 518 3
464 465 3
465 466 3
467 468 3
468 469 3
469 470 3
470 471 3
471 472 3
472 473 3
473 474 3
474 475 3
475 476 3
476 477 3
477 478 3
478 479 3
427 485 3
486 487 3
493 494 3
378 495 0
497 498 1
440 557 0
502 503 3
503 504 3
509 510 3
511 512 3
512 513 3
513 514 3
457 516 3
459 517 3
459 518 3
461 518 3
462 521 3
462 520 3
520 521 3
466 467 3
426 485 2
498 557 0
500 501 1
447 506 3
517 518 3
461 519 3
462 519 3
481 538 3
378 494 2
494 495 3
495 497 3
457 515 3
518 519 3
514 515 3
515 516 3
516 517 3
485 486 3
489 490 3
447 504 3
519 520 3
483 542 3
426 542 2
504 506 3
482 483 3
487 488 3
429 488 3
485 542 3
488 489 3
434 490 2
434 550 2
490 549 2
434 549 2
493 550 2
495 554 3
549 550 3
497 554 3
506 563 3
504 563 3
479 596 1
508 566 3
480 596 3
490 548 2
509 566 3
548 549 3
506 564 3
487 545 3
489 548 2
493 551 3
494 554 3
500 557 3
504 562 3
563 564 3
507 566 3
521 579 3
478 536 3
486 545 3
550 551 3
494 551 3
494 553 3
503 562 3
464 522 3
464 523 3
465 523 3
466 524 3
467 525 3
468 526 3
469 527 3
470 528 3
470 529 3
471 529 3
472 530 3
473 531 3
474 532 3
475 533 3
476 534 3
477 535 3
479 536 3
482 540 3
553 554 3
502 560 2
503 561 2
507 565 3
509 567 3
510 568 3
511 569 3
512 570 3
513 571 3
514 571 3
514 573 3
515 573 3
516 573 3
516 574 3
517 575 3
517 576 3
518 576 3
519 576 3
519 577 3
520 578 3
520 579 3
522 523 3
523 524 3
524 525 3
525 526 3
526 527 3
527 528 3
529 530 3
530 531 3
473 532 3
532 533 3
533 534 3
476 535 3
535 536 3
483 540 3
486 544 3
488 545 3
498 556 3
501 560 0
560 561 3
562 563 3
506 565 3
565 566 3
566 567 3
567 568 3
568 569 3
569 570 3
570 571 3
514 572 3
516 575 3
577 578 3
528 529 3
531 532 3
479 537 3
489 547 3
547 548 3
497 556 1
556 557 0
501 559 3
571 572 3
572 573 3
576 577 3
578 579 3
536 537 3
537 596 1
500 559 1
561 562 3
574 575 3
481 540 2
540 542 3
485 544 3
559 560 0
573 574 3
534 535 3
538 596 1
544 545 3
488 547 3
554 555 1
497 555 1
564 565 3
555 556 3
557 616 1
551 553 3
488 546 3
575 576 3
546 547 3
556 616 3
500 558 1
557 558 1
558 559 3
542 544 3
545 546 3
563 621 2
615 616 3
558 616 3
562 621 2
481 598 2
544 602 3
556 615 3
574 632 3
538 598 2
540 598 2
540 599 3
542 599 3
542 602 3
551 610 3
562 620 2
620 621 3
573 632 3
544 603 2
545 603 3
553 610 3
554 611 3
553 611 3
602 603 3
547 605 3
548 605 3
550 608 3
551 609 3
610 611 3
561 620 3
535 593 3
598 599 3
549 608 3
550 609 3
554 612 1
555 613 3
556 613 3
560 619 3
561 619 3
564 622 2
531 589 3
534 592 3
535 592 3
536 593 3
611 612 1
612 613 3
556 614 3
619 620 3
564 621 2
565 622 2
566 624 2
572 631 3
573 631 3
631 632 3
522 580 3
523 580 3
524 582 3
525 583 3
526 584 3
527 585 3
528 586 3
529 587 3
530 587 3
530 589 3
532 590 3
533 591 3
546 605 3
548 606 3
549 606 3
613 614 3
565 623 2
565 624 2
567 625 3
568 626 3
569 627 3
570 628 3
571 629 3
575 633 3
577 635 3
578 635 3
578 636 3
578 637 3
579 637 3
523 581 3
523 582 3
582 583 3
583 584 3
584 585 3
585 586 3
586 587 3
530 588 3
532 589 3
590 591 3
591 592 3
537 595 1
546 603 3
609 610 3
559 616 3
566 625 3
625 626 3
626 627 3
627 628 3
628 629 3
572 629 3
572 630 3
632 633 3
575 634 3
576 634 3
576 635 3
636 637 3
580 581 3
587 588 3
588 589 3
595 596 3
601 602 3
608 609 3
614 615 3
624 625 3
629 630 3
630 631 3
634 635 3
635 636 3
589 590 3
542 601 2
605 606 3
559 617 3
560 617 1
621 622 3
623 624 3
633 634 3
537 593 3
616 617 3
617 619 0
622 623 3
592 593 3
596 598 0
542 600 2
581 582 3
599 600 3
603 605 3
597 598 0
600 601 3
606 608 3
596 597 3
593 595 3
619 676 1
603 662 3
605 662 3
617 675 3
617 676 3
605 663 3
606 663 3
606 665 3
608 665 3
615 674 3
616 674 3
616 675 3
662 663 3
596 654 3
602 660 3
603 660 3
619 677 3
627 685 2
595 654 3
601 660 3
674 675 3
620 677 3
626 685 3
597 654 3
599 657 3
600 657 3
675 676 3
585 643 3
608 666 3
610 668 3
625 683 3
626 684 3
628 685 2
586 643 3
588 646 3
589 646 3
590 648 3
593 650 3
665 666 3
609 668 3
612 671 3
613 671 3
624 683 3
683 684 3
580 638 3
581 639 3
582 640 3
583 640 3
583 641 3
584 641 3
584 643 3
586 644 3
586 645 3
587 645 3
589 647 3
591 648 3
592 650 2
598 657 3
606 664 3
664 665 3
609 666 3
609 667 3
611 669 3
612 670 3
614 672 3
615 673 3
676 677 0
620 678 3
621 679 3
622 680 3
623 681 3
624 682 3
684 685 3
628 686 2
629 687 2
630 687 2
637 695 2
638 639 3
639 640 3
643 644 3
644 645 3
645 646 3
590 647 3
591 650 2
603 661 3
663 664 3
666 667 3
667 668 3
668 669 3
669 670 3
671 672 3
672 673 3
677 678 3
678 679 3
679 680 3
680 681 3
681 682 3
682 683 3
685 686 3
686 687 3
630 688 2
636 694 2
636 695 2
647 648 3
595 652 3
598 655 3
660 661 3
661 662 3
687 688 3
631 688 2
632 690 2
634 693 2
635 693 2
593 651 3
595 651 3
597 655 3
655 657 3
673 674 3
631 690 2
633 690 2
633 691 2
634 691 2
634 692 2
635 694 2
694 695 3
640 641 3
646 647 3
591 707 2
600 658 3
601 658 3
631 689 2
690 691 3
692 693 3
641 643 3
648 707 2
650 707 3
651 652 3
670 671 3
688 689 3
691 692 3
693 694 3
650 651 3
689 690 3
652 654 3
657 658 3
601 717 3
658 717 3
660 717 3
654 655 3
641 699 3
643 699 3
643 700 3
655 714 3
657 714 3
662 721 3
663 721 3
652 711 3
654 711 2
654 713 2
699 700 3
655 713 3
657 715 3
661 720 3
662 720 3
664 721 3
658 715 3
720 721 3
676 735 2
677 735 3
647 707 3
660 718 3
711 712 3
654 712 2
714 715 3
661 718 3
671 729 2
644 702 2
646 704 2
647 705 3
705 707 3
652 710 3
710 711 3
717 718 3
670 728 3
670 729 3
683 741 3
684 741 3
685 743 3
686 744 3
638 696 3
639 697 3
640 698 3
645 702 2
645 703 2
645 704 2
647 704 3
650 708 3
651 709 3
652 709 3
661 719 3
664 722 3
665 723 3
666 724 3
667 725 3
668 726 3
669 727 3
669 728 3
672 730 2
678 736 3
679 737 3
680 738 3
681 739 3
684 742 3
743 744 3
689 747 3
692 750 3
693 751 3
694 751 3
694 752 3
695 753 3
696 697 3
640 697 3
641 698 3
706 707 3
707 708 3
708 709 3
709 710 3
712 713 3
713 714 3
658 716 3
718 719 3
719 720 3
721 722 3
722 723 3
723 724 3
724 725 3
725 726 3
726 727 3
729 730 3
673 730 2
735 736 3
736 737 3
737 738 3
738 739 3
682 739 3
682 740 3
741 742 3
742 743 3
687 744 3
687 745 3
688 747 3
690 748 3
691 750 3
750 751 3
752 753 3
697 698 3
643 702 2
702 703 3
703 704 3
705 706 3
716 717 3
727 728 3
728 729 3
673 731 2
675 733 2
740 741 3
744 745 3
688 745 3
688 746 3
747 748 3
691 749 3
751 752 3
698 699 3
700 702 3
704 705 3
715 716 3
730 731 3
674 731 2
674 733 2
739 740 3
745 746 3
746 747 3
748 749 3
676 733 2
749 750 3
674 732 2
731 732 3
732 733 3
733 735 3
733 792 3
735 792 3
753 811 3
752 811 3
713 772 3
714 772 3
735 793 3
736 793 3
707 766 3
708 766 3
709 767 3
710 767 3
711 769 3
712 769 3
708 767 3
712 770 3
713 771 3
699 757 3
703 762 3
704 762 3
705 762 3
769 770 3
712 771 3
747 806 3
748 806 3
696 754 2
697 755 2
698 756 3
698 757 3
707 765 3
766 767 3
710 768 3
770 771 3
771 772 3
715 773 3
716 774 3
717 775 3
718 776 3
719 777 3
720 778 3
721 779 3
722 780 3
723 781 3
724 782 3
725 783 3
726 784 3
727 785 3
728 786 3
729 787 3
729 788 3
730 788 3
731 789 3
732 790 3
733 791 3
792 793 3
736 794 3
737 795 3
738 796 3
739 797 3
740 798 3
741 799 3
742 800 3
743 801 3
744 802 3
745 803 3
746 804 3
747 805 3
749 806 3
749 807 3
750 808 3
751 809 3
752 810 3
754 755 3
755 756 3
700 759 3
702 759 3
702 760 3
703 761 3
705 763 3
705 764 3
706 764 3
706 765 3
765 766 3
767 768 3
711 768 3
772 773 3
773 774 3
774 775 3
775 776 3
776 777 3
777 778 3
778 779 3
779 780 3
780 781 3
781 782 3
782 783 3
783 784 3
784 785 3
785 786 3
786 787 3
730 789 3
789 790 3
790 791 3
791 792 3
793 794 3
794 795 3
795 796 3
796 797 3
797 798 3
798 799 3
799 800 3
800 801 3
801 802 3
802 803 3
803 804 3
804 805 3
805 806 3
806 807 3
807 808 3
808 809 3
809 810 3
810 811 3
756 757 3
759 760 3
760 761 3
761 762 3
763 764 3
764 765 3
787 788 3
788 789 3
768 769 3
757 759 3
762 763 3
759 817 3
764 766 3
757 815 3
759 815 3
762 820 3
764 822 3
764 823 3
766 823 3
768 826 3
756 814 3
761 820 3
767 826 3
769 826 3
769 828 3
770 828 3
776 834 3
777 834 3
763 820 3
805 863 3
757 814 3
760 817 3
760 818 3
761 818 3
822 823 3
771 829 3
772 831 3
773 831 3
804 863 3
806 863 3
754 812 3
755 813 3
756 813 3
766 824 3
767 824 3
767 825 3
769 827 3
770 829 3
772 830 3
773 832 3
774 832 3
775 833 3
775 834 3
777 835 3
778 836 3
779 837 3
780 838 3
781 839 3
782 840 3
783 841 3
784 842 3
785 843 3
786 844 3
787 845 3
788 846 3
788 847 3
789 847 3
790 848 3
791 849 3
792 850 3
793 851 3
794 852 3
795 853 3
796 854 3
797 855 3
798 856 3
799 857 3
800 858 3
801 859 3
802 860 3
803 861 3
804 862 3
806 864 3
807 865 3
808 866 3
809 867 3
810 868 3
811 869 3
812 813 3
814 815 3
815 816 3
815 817 3
761 819 3
763 821 3
764 821 3
825 826 3
826 827 3
827 828 3
771 830 3
830 831 3
832 833 3
833 834 3
834 835 3
835 836 3
836 837 3
837 838 3
838 839 3
839 840 3
840 841 3
841 842 3
842 843 3
843 844 3
844 845 3
845 846 3
847 848 3
848 849 3
849 850 3
850 851 3
851 852 3
852 853 3
853 854 3
854 855 3
855 856 3
856 857 3
857 858 3
858 859 3
859 860 3
860 861 3
861 862 3
863 864 3
864 865 3
865 866 3
866 867 3
867 868 3
868 869 3
813 814 3
817 818 3
818 819 3
823 824 3
862 863 3
820 821 3
821 822 3
828 829 3
829 830 3
816 817 3
819 820 3
824 825 3
846 847 3
831 832 3
816 874 3
817 874 3
827 885 3
826 885 3
815 873 3
820 878 3
814 873 3
815 874 3
821 878 3
873 874 3
822 881 3
823 881 3
828 885 3
854 913 3
855 913 3
863 921 3
817 875 3
818 875 3
830 889 3
831 889 3
833 892 3
834 892 3
862 921 3
812 870 3
813 871 3
814 872 3
821 879 3
822 879 3
822 880 3
880 881 3
824 882 3
825 883 3
825 884 3
826 884 3
828 886 3
829 887 3
830 888 3
831 890 3
832 890 3
833 891 3
835 893 3
836 894 3
837 895 3
838 896 3
839 897 3
840 898 3
841 899 3
842 900 3
843 901 3
844 902 3
845 903 3
846 904 3
847 905 3
848 906 3
849 907 3
850 908 3
851 909 3
852 910 3
853 911 3
854 912 3
856 914 3
857 915 3
858 916 3
859 917 3
860 918 3
861 919 3
862 919 3
864 921 3
864 922 3
865 922 3
865 924 3
866 924 3
867 925 3
868 926 3
869 927 3
870 871 3
871 872 3
872 873 3
819 877 3
820 877 3
881 882 3
882 883 3
884 885 3
885 886 3
886 887 3
887 888 3
888 889 3
889 890 3
890 891 3
892 893 3
893 894 3
894 895 3
895 896 3
896 897 3
897 898 3
898 899 3
899 900 3
900 901 3
901 902 3
902 903 3
903 904 3
904 905 3
847 906 3
906 907 3
907 908 3
908 909 3
909 910 3
910 911 3
911 912 3
912 913 3
913 914 3
914 915 3
915 916 3
916 917 3
917 918 3
860 919 3
862 920 3
921 922 3
865 923 3
924 925 3
925 926 3
926 927 3
818 934 3
819 934 3
877 878 3
883 884 3
918 919 3
919 920 3
920 921 3
922 923 3
923 924 3
877 934 3
878 879 3
891 892 3
905 906 3
874 875 3
879 880 3
875 934 3
872 930 3
873 930 3
874 932 3
878 936 3
877 935 3
878 935 3
879 936 3
873 932 3
935 936 3
880 938 3
881 938 3
922 980 3
883 941 3
884 941 3
921 980 3
926 985 3
927 985 3
870 928 3
871 929 3
930 931 3
873 931 3
881 939 3
882 940 3
884 942 3
885 943 3
886 944 3
887 945 3
888 946 3
889 947 3
890 948 3
891 949 3
892 950 3
893 951 3
894 952 3
895 953 3
896 954 3
897 955 3
898 956 3
899 957 3
900 958 3
901 959 3
902 960 3
903 961 3
904 962 3
905 963 3
906 964 3
906 965 3
907 965 3
908 966 3
909 967 3
910 968 3
911 969 3
912 970 3
913 971 3
914 972 3
915 973 3
916 974 3
917 975 3
918 976 3
919 977 3
920 978 3
921 979 3
923 981 3
924 982 3
925 983 3
928 929 3
929 930 3
931 932 3
874 934 3
879 937 3
880 937 3
938 939 3
939 940 3
940 941 3
941 942 3
942 943 3
943 944 3
944 945 3
945 946 3
946 947 3
947 948 3
948 949 3
949 950 3
950 951 3
951 952 3
952 953 3
953 954 3
954 955 3
955 956 3
956 957 3
957 958 3
958 959 3
959 960 3
960 961 3
961 962 3
962 963 3
963 964 3
965 966 3
966 967 3
967 968 3
968 969 3
969 970 3
970 971 3
971 972 3
972 973 3
973 974 3
974 975 3
975 976 3
976 977 3
977 978 3
978 979 3
979 980 3
980 981 3
981 982 3
982 983 3
926 983 3
932 934 3
937 938 3
964 965 3
934 935 3
936 937 3
926 984 3
984 985 3
983 984 3
934 992 3
935 992 3
932 991 3
932 992 3
984 1043 3
985 1043 3
929 987 3
930 987 3
931 990 3
932 990 3
991 992 3
940 998 3
978 1037 3
979 1037 3
980 1039 3
981 1039 3
984 1042 3
928 987 3
936 994 3
937 994 3
938 997 3
939 997 3
939 998 3
952 1010 3
965 1023 3
980 1037 3
983 1042 3
1042 1043 3
928 986 3
930 988 3
931 988 3
935 993 3
935 994 3
937 995 3
938 996 3
941 999 3
942 1000 3
943 1001 3
944 1002 3
945 1003 3
946 1004 3
947 1005 3
948 1006 3
949 1007 3
950 1008 3
951 1009 3
951 1010 3
953 1011 3
954 1012 3
955 1013 3
956 1014 3
957 1015 3
958 1016 3
959 1017 3
960 1018 3
961 1019 3
962 1020 3
963 1021 3
964 1022 3
966 1023 3
966 1024 3
967 1025 3
968 1026 3
969 1027 3
970 1028 3
971 1029 3
972 1030 3
973 1031 3
974 1032 3
975 1033 3
976 1034 3
977 1035 3
978 1036 3
980 1038 3
982 1039 3
982 1040 3
983 1041 3
986 987 3
994 995 3
995 996 3
996 997 3
997 998 3
998 999 3
999 1000 3
1000 1001 3
1001 1002 3
1002 1003 3
1003 1004 3
1004 1005 3
1005 1006 3
1006 1007 3
1007 1008 3
1008 1009 3
1010 1011 3
1011 1012 3
1012 1013 3
1013 1014 3
1014 1015 3
1015 1016 3
1016 1017 3
1017 1018 3
1018 1019 3
1019 1020 3
1020 1021 3
1021 1022 3
1022 1023 3
1023 1024 3
1024 1025 3
1025 1026 3
1026 1027 3
1027 1028 3
1028 1029 3
1029 1030 3
1030 1031 3
1031 1032 3
1032 1033 3
1033 1034 3
1034 1035 3
1035 1036 3
1036 1037 3
1037 1038 3
1039 1040 3
1040 1041 3
1041 1042 3
992 993 3
993 994 3
1038 1039 3
987 988 3
990 991 3
1009 1010 3
