0 1 3
1 2 3
2 3 3
3 4 3
4 5 3
5 6 3
6 7 3
7 8 3
8 9 3
9 10 3
10 11 3
11 12 3
12 13 3
13 14 3
14 16 3
16 17 3
17 18 3
18 19 3
19 20 3
20 21 3
21 79 3
79 80 3
23 80 0
23 26 0
26 27 3
27 28 3
28 29 3
29 30 3
30 31 3
31 32 3
32 33 3
33 92 1
35 92 3
35 37 3
37 38 3
38 39 2
39 40 1
40 41 3
41 42 3
42 43 3
43 44 3
44 45 3
45 46 3
46 47 3
47 48 3
48 49 3
49 50 3
50 51 3
51 52 3
52 53 3
53 54 3
54 55 3
55 56 3
56 57 3
15 16 3
14 15 3
38 96 3
39 96 2
37 94 3
35 94 3
16 74 3
28 85 3
20 78 3
27 85 3
32 91 2
12 70 3
15 74 3
19 77 3
20 77 3
33 91 1
11 69 3
11 70 3
13 72 3
14 72 3
17 75 3
1 59 3
4 62 3
5 62 3
10 69 3
18 75 3
23 84 0
26 84 3
28 87 3
29 87 3
0 59 3
7 66 3
8 66 3
27 84 3
37 95 3
1 60 3
1 3 3
3 60 3
12 71 3
13 71 3
18 76 3
35 93 3
38 95 3
39 97 1
40 97 0
40 98 3
41 98 3
0 58 3
3 61 3
7 65 3
9 67 3
10 68 3
71 72 3
17 74 3
32 90 3
92 93 3
93 94 3
96 97 3
41 99 3
42 100 3
43 101 3
44 102 3
45 103 3
46 104 3
47 105 3
48 106 3
49 107 3
50 108 3
51 109 3
52 110 3
53 111 3
54 112 3
55 113 3
56 114 3
57 115 3
58 59 3
59 60 3
60 61 3
65 66 3
9 66 3
67 68 3
68 69 3
75 76 3
77 78 3
30 88 3
31 88 3
98 99 3
99 100 3
100 101 3
101 102 3
102 103 3
103 104 3
104 105 3
105 106 3
106 107 3
107 108 3
108 109 3
109 110 3
110 111 3
111 112 3
112 113 3
113 114 3
114 115 3
3 62 3
5 63 3
6 64 3
87 88 3
31 90 3
90 91 2
95 96 3
97 98 1
6 63 3
7 64 3
66 67 3
69 70 3
15 72 3
61 62 3
70 71 3
15 132 3
74 132 3
19 76 3
91 92 1
63 64 3
64 65 3
74 75 3
62 63 3
76 77 3
94 95 3
20 79 3
84 142 3
88 90 3
15 131 3
23 140 2
27 142 3
131 132 3
78 79 2
79 137 1
80 140 1
84 140 3
66 124 3
65 124 3
78 137 3
28 144 3
72 131 3
80 138 1
85 144 3
71 129 3
80 139 1
84 141 3
85 142 3
87 144 3
70 129 3
139 140 3
140 141 3
95 153 3
65 123 3
77 135 3
96 153 3
62 120 3
123 124 3
76 135 3
138 139 3
141 142 3
88 146 3
88 147 1
68 126 3
69 126 3
69 127 3
87 146 3
90 147 1
97 155 1
63 121 3
96 155 1
59 117 3
60 117 3
61 120 3
62 121 3
67 124 3
91 149 1
92 149 3
92 151 3
93 151 3
97 156 1
98 156 3
58 116 3
58 117 3
64 121 3
70 128 3
75 132 3
78 136 3
79 138 1
87 145 3
146 147 2
92 150 3
99 157 3
100 158 3
101 159 3
102 160 3
103 161 3
104 162 3
105 163 3
106 164 3
107 165 3
108 166 3
109 167 3
110 168 3
111 169 3
112 170 3
113 171 3
114 172 3
115 173 3
116 117 3
67 126 3
126 127 3
69 128 3
142 143 3
85 143 3
144 145 3
145 146 3
149 150 3
94 151 3
94 153 3
156 157 3
157 158 3
158 159 3
159 160 3
160 161 3
161 162 3
162 163 3
163 164 3
164 165 3
165 166 3
166 167 3
167 168 3
168 169 3
169 170 3
170 171 3
171 172 3
172 173 3
64 122 3
76 192 3
136 137 3
137 138 3
65 122 3
127 128 3
72 129 3
75 191 3
75 192 3
135 192 3
143 144 3
150 151 3
155 156 1
117 176 3
60 176 3
61 119 3
121 122 3
122 123 3
128 129 3
132 191 3
153 155 1
119 120 3
120 121 3
67 125 3
78 135 3
60 119 3
125 126 3
151 153 3
119 176 3
135 136 3
147 207 1
90 207 1
90 149 1
72 188 2
149 207 3
129 188 3
131 188 2
153 211 1
124 125 3
191 192 3
155 211 3
129 187 1
151 210 3
131 189 3
145 203 3
153 210 3
119 177 3
188 189 3
144 203 3
155 213 3
126 184 3
127 184 3
151 209 3
146 204 3
150 209 3
211 213 3
124 182 3
187 188 0
132 189 3
137 196 3
145 204 3
156 213 0
176 177 3
123 182 3
125 182 3
125 184 3
135 193 3
138 196 3
121 179 3
121 180 3
122 180 3
192 193 3
136 194 3
142 200 3
123 181 3
127 186 3
128 186 3
129 186 3
141 200 3
144 201 3
203 204 3
205 207 2
116 174 3
117 175 3
120 178 3
122 181 3
132 190 3
141 199 3
143 200 3
143 201 3
146 205 2
147 205 3
150 208 3
209 210 3
156 214 3
157 215 3
158 216 3
159 217 3
160 218 3
161 219 3
162 220 3
163 221 3
164 222 3
165 223 3
166 224 3
167 225 3
168 226 3
169 227 3
170 228 3
171 229 3
172 230 3
173 231 3
174 175 3
175 176 3
177 178 3
121 178 3
189 190 3
190 191 3
136 195 3
140 199 3
140 198 3
199 200 3
207 208 3
210 211 1
213 214 1
214 215 3
215 216 3
216 217 3
217 218 3
218 219 3
219 220 3
220 221 3
221 222 3
222 223 3
223 224 3
224 225 3
225 226 3
226 227 3
227 228 3
228 229 3
229 230 3
230 231 3
179 180 3
181 182 3
186 187 2
136 193 3
137 195 3
139 198 3
198 199 3
204 205 2
180 181 3
184 186 3
194 195 3
193 194 3
139 196 3
208 209 3
201 203 3
178 179 3
195 196 3
211 270 3
213 270 3
184 242 3
196 255 3
196 198 3
198 255 3
211 269 3
184 243 3
187 245 3
194 252 3
269 270 3
242 243 3
193 252 3
182 241 3
125 241 3
203 260 3
186 243 1
201 260 3
207 263 2
207 264 3
209 268 3
210 268 3
200 201 3
205 263 3
263 264 2
125 242 3
176 235 3
177 235 3
178 236 3
177 236 3
179 237 3
186 245 3
190 249 3
191 249 3
195 252 3
203 261 3
211 268 0
236 237 3
188 245 2
193 251 3
196 254 3
200 258 3
201 258 3
203 262 3
204 262 3
209 267 3
213 272 1
214 272 3
241 242 3
188 246 2
192 251 3
207 266 3
208 266 3
267 268 3
270 271 3
213 271 3
174 232 3
175 232 3
175 234 3
176 234 3
235 236 3
180 238 3
181 239 3
182 240 3
189 246 1
192 249 3
192 250 3
199 257 3
260 261 3
205 262 2
207 265 3
215 273 3
216 274 3
217 275 3
218 276 3
219 277 3
220 278 3
221 279 3
222 280 3
223 281 3
224 282 3
225 283 3
226 284 3
227 285 3
228 286 3
229 287 3
230 288 3
231 289 3
175 233 3
234 235 3
237 238 3
180 239 3
239 240 3
240 241 3
249 250 3
250 251 3
195 254 3
254 255 3
199 258 3
261 262 3
264 265 3
272 273 3
273 274 3
274 275 3
275 276 3
276 277 3
277 278 3
278 279 3
279 280 3
280 281 3
281 282 3
282 283 3
283 284 3
284 285 3
285 286 3
286 287 3
287 288 3
288 289 3
232 233 3
238 239 3
245 246 3
208 267 3
268 269 1
271 272 1
233 234 3
257 258 3
262 263 1
198 257 3
251 252 3
258 316 3
265 266 3
254 312 3
255 312 3
257 316 3
266 267 3
195 311 3
255 257 3
190 306 1
252 311 3
189 306 1
243 301 3
249 306 1
254 311 3
258 260 3
267 325 3
235 293 3
236 293 3
246 306 3
258 317 3
260 317 3
268 326 1
257 314 3
257 315 3
268 325 3
242 301 3
246 305 3
305 306 3
255 314 3
234 292 3
186 302 3
245 302 3
262 320 3
265 381 3
236 295 3
237 295 3
240 298 3
241 298 3
241 299 3
242 299 3
243 302 3
246 304 3
252 310 3
314 315 3
261 320 3
264 322 3
301 302 3
245 303 3
251 310 3
263 322 2
269 326 3
269 328 3
270 328 3
238 296 3
302 303 3
304 305 3
249 307 3
311 312 3
315 316 3
261 319 3
325 326 1
271 329 3
272 329 0
235 292 3
237 296 3
239 298 3
246 303 3
306 307 0
310 311 3
267 324 3
269 327 3
232 290 3
233 291 3
292 293 3
236 294 3
239 297 3
242 300 3
250 308 3
255 313 3
263 320 0
263 321 0
266 324 3
326 327 3
272 330 3
273 331 3
274 332 3
275 333 3
276 334 3
277 335 3
278 336 3
279 337 3
280 338 3
281 339 3
282 340 3
283 341 3
284 342 3
285 343 3
286 344 3
287 345 3
288 346 3
289 347 3
290 291 3
291 292 3
294 295 3
296 297 3
297 298 3
299 300 3
300 301 3
307 308 3
251 308 3
312 313 3
321 322 1
327 328 3
270 329 3
330 331 3
331 332 3
332 333 3
333 334 3
334 335 3
335 336 3
336 337 3
337 338 3
338 339 3
339 340 3
340 341 3
341 342 3
342 343 3
343 344 3
344 345 3
345 346 3
346 347 3
293 294 3
303 304 3
260 319 3
320 321 3
265 322 3
324 325 3
295 296 3
313 314 3
319 320 3
328 329 3
298 299 3
317 375 3
329 330 1
260 376 3
322 381 3
265 324 3
308 310 3
317 376 3
319 376 3
324 381 3
310 367 3
308 367 3
316 317 3
326 384 3
299 358 3
300 358 3
307 365 1
306 365 3
308 366 3
307 366 3
321 379 3
293 351 3
295 353 3
296 353 3
367 368 3
310 368 3
312 371 3
313 371 3
319 377 3
320 378 3
321 378 3
327 384 3
292 351 3
302 360 3
311 369 3
316 374 3
317 374 3
320 377 3
378 379 3
294 351 3
298 356 3
299 356 3
301 360 3
303 362 3
304 362 3
306 364 3
310 369 3
322 380 3
329 388 1
330 388 3
292 350 3
297 355 3
301 358 3
305 363 3
306 363 3
364 365 3
366 367 3
374 375 3
331 389 3
290 348 3
291 349 3
350 351 3
296 354 3
296 355 3
298 355 3
303 361 3
365 366 0
312 370 3
315 373 3
315 374 3
377 378 3
325 384 3
327 385 3
328 385 3
328 386 3
328 387 3
329 387 3
330 389 3
332 390 3
333 391 3
334 392 3
335 393 3
336 394 3
337 395 3
338 396 3
339 397 3
340 398 3
341 399 3
342 400 3
343 401 3
344 402 3
345 403 3
346 404 3
347 405 3
348 349 3
349 350 3
294 352 3
295 352 3
353 354 3
302 361 3
361 362 3
369 370 3
370 371 3
314 373 3
379 380 1
380 381 3
389 390 3
390 391 3
391 392 3
392 393 3
393 394 3
394 395 3
395 396 3
396 397 3
397 398 3
398 399 3
399 400 3
400 401 3
401 402 3
402 403 3
403 404 3
404 405 3
351 352 3
355 356 3
304 363 3
314 371 3
386 387 3
387 388 1
354 355 3
301 359 3
359 360 3
363 364 3
373 374 3
376 377 3
324 383 3
325 383 3
384 385 3
385 386 3
388 389 3
352 353 3
358 359 3
360 361 3
381 383 3
383 384 3
368 369 3
362 363 3
375 376 3
314 431 3
381 440 3
356 358 3
371 431 3
373 431 3
374 432 3
375 432 3
356 416 3
358 416 3
381 439 3
439 440 3
352 409 3
373 432 3
351 409 3
431 432 3
375 434 3
376 434 3
380 439 3
363 422 3
364 422 3
365 423 0
371 429 3
383 440 3
349 407 3
356 414 3
367 426 3
368 426 3
370 429 3
385 444 3
350 407 3
355 414 3
414 416 3
363 420 3
366 423 3
369 426 3
380 438 0
383 441 3
387 446 1
388 446 3
350 408 3
355 413 3
361 419 3
362 420 3
378 436 3
378 437 3
379 438 3
440 441 3
384 443 3
385 443 3
443 444 3
387 445 3
405 463 3
348 407 3
351 408 3
362 419 3
366 424 3
375 433 3
377 435 3
379 437 3
438 439 1
386 444 3
386 445 3
404 463 3
348 406 3
354 413 3
413 414 3
365 422 3
423 424 3
367 424 3
369 427 3
370 427 3
370 428 3
432 433 3
433 434 3
376 435 3
378 435 3
436 437 3
384 442 3
389 446 3
389 447 3
390 448 3
391 449 3
392 450 3
393 451 3
394 452 3
395 453 3
396 454 3
397 455 3
398 456 3
399 457 3
400 458 3
401 459 3
402 460 3
403 461 3
404 462 3
406 407 3
407 408 3
408 409 3
359 417 3
360 417 3
360 418 3
419 420 3
367 425 3
425 426 3
426 427 3
427 428 3
428 429 3
429 431 3
442 443 3
447 448 3
448 449 3
449 450 3
450 451 3
451 452 3
452 453 3
453 454 3
454 455 3
455 456 3
456 457 3
457 458 3
458 459 3
459 460 3
460 461 3
461 462 3
359 416 3
417 418 3
361 418 3
435 436 3
445 446 1
462 463 3
363 479 3
437 438 3
446 447 3
418 419 3
420 479 3
422 479 3
434 435 3
354 412 3
422 423 0
424 425 3
444 445 3
412 413 3
431 488 3
352 410 3
423 480 1
409 410 3
352 469 3
353 469 3
422 480 3
429 488 3
383 442 3
354 469 3
416 417 3
412 469 3
441 442 3
410 469 3
414 472 3
443 501 3
410 468 3
468 469 3
444 501 3
437 495 3
412 470 3
423 481 3
425 483 3
426 483 3
429 487 3
436 495 3
441 500 3
442 500 3
413 470 3
417 474 3
480 481 0
424 481 3
426 484 3
487 488 3
431 489 3
432 489 3
436 494 3
407 465 3
407 466 3
408 466 3
409 468 3
413 472 3
416 472 3
416 474 3
483 484 3
428 486 3
442 501 3
406 465 3
424 483 3
427 486 3
488 489 3
435 493 3
435 494 3
439 497 3
440 498 3
406 464 3
408 467 3
409 467 3
416 473 3
417 475 3
419 477 3
420 478 3
424 482 3
427 484 3
433 492 3
434 492 3
435 492 3
438 497 1
440 497 3
441 498 3
500 501 3
501 560 3
445 503 3
446 504 3
447 505 3
448 506 3
449 507 3
450 508 3
451 509 3
452 510 3
453 511 3
454 512 3
455 513 3
456 514 3
457 515 3
458 516 3
459 517 3
460 518 3
461 519 3
462 520 3
463 520 3
463 521 3
464 465 3
465 466 3
472 473 3
474 475 3
418 475 3
418 477 3
477 478 3
478 479 3
479 480 3
486 487 3
493 494 3
438 495 3
497 498 3
503 504 1
504 505 3
505 506 3
506 507 3
507 508 3
508 509 3
509 510 3
510 511 3
511 512 3
512 513 3
513 514 3
514 515 3
515 516 3
516 517 3
517 518 3
518 519 3
519 520 3
520 521 3
467 468 3
481 482 3
432 490 2
433 490 2
494 495 3
466 467 3
418 476 3
476 477 3
489 490 3
413 471 3
482 483 3
433 491 2
441 557 3
469 470 3
470 471 3
471 472 3
475 476 3
490 491 3
491 492 3
492 493 3
498 557 3
500 557 3
416 531 3
445 501 3
474 531 3
484 486 3
501 561 3
445 561 3
503 561 3
473 531 3
486 544 3
484 544 3
470 528 3
471 528 3
492 550 2
479 537 3
491 550 3
495 553 3
438 554 2
497 554 0
560 561 3
472 528 3
480 537 3
481 539 3
493 550 2
494 553 3
467 526 3
468 526 3
480 539 3
498 556 3
472 531 3
474 533 3
488 546 3
489 546 3
489 547 3
490 549 3
491 549 3
493 551 2
497 556 3
466 524 3
466 525 3
467 525 3
469 527 3
475 533 3
477 535 3
478 535 3
478 536 3
482 540 3
546 547 3
490 547 3
549 550 3
550 551 3
494 552 2
497 555 2
556 557 3
464 522 3
465 523 3
470 527 3
536 537 3
480 538 3
482 539 3
483 540 3
490 548 3
495 554 3
500 558 3
504 562 3
504 563 3
505 563 3
506 564 3
507 565 3
508 566 3
509 567 3
510 568 3
511 569 3
512 570 3
513 571 3
514 572 3
515 573 3
516 574 3
517 575 3
518 576 3
519 577 3
520 578 3
521 579 3
522 523 3
523 524 3
524 525 3
468 527 3
476 535 3
538 539 3
539 540 3
548 549 3
551 552 3
552 553 3
554 555 1
501 558 3
561 562 1
563 564 3
564 565 3
565 566 3
566 567 3
567 568 3
568 569 3
569 570 3
570 571 3
571 572 3
572 573 3
573 574 3
574 575 3
575 576 3
576 577 3
577 578 3
578 579 3
525 526 3
526 527 3
527 528 3
476 533 3
535 536 3
537 538 3
484 542 3
487 545 3
488 545 3
547 548 3
557 558 3
562 563 3
483 542 3
486 545 3
545 546 3
553 554 3
554 611 3
555 556 3
558 560 3
472 530 3
540 542 3
544 545 3
553 611 3
528 530 3
542 544 3
533 535 3
531 590 1
474 590 1
530 531 3
540 599 3
542 599 3
544 601 3
542 601 3
533 590 3
533 592 3
535 592 3
535 593 3
561 619 3
533 591 3
592 593 3
536 593 3
556 615 3
557 615 3
562 619 0
544 602 3
531 589 1
545 602 3
552 611 3
530 589 1
589 590 3
590 591 3
547 605 3
551 609 3
526 528 3
591 592 3
546 605 3
548 605 3
550 609 3
556 614 3
614 615 3
560 618 3
538 597 3
539 597 3
540 597 3
545 603 3
546 603 3
555 614 1
522 580 1
523 581 1
524 582 0
525 583 1
536 594 3
537 594 3
537 595 3
538 595 3
540 598 3
542 600 3
601 602 3
546 604 3
604 605 3
605 606 3
548 606 3
549 607 3
550 608 3
552 610 3
555 613 2
557 616 3
558 618 3
560 619 3
562 620 3
563 620 3
563 621 3
564 622 3
565 623 3
566 624 3
567 625 3
568 626 3
569 627 3
570 628 3
571 629 3
572 630 3
573 631 3
574 632 3
575 633 3
576 634 3
577 635 3
578 636 3
579 637 3
580 581 3
581 582 0
593 594 3
538 596 3
598 599 3
599 600 3
602 603 3
603 604 3
606 607 3
607 608 3
608 609 3
609 610 3
554 613 3
558 616 3
621 622 3
622 623 3
623 624 3
624 625 3
625 626 3
626 627 3
627 628 3
628 629 3
629 630 3
630 631 3
631 632 3
632 633 3
633 634 3
634 635 3
635 636 3
636 637 3
582 583 1
526 583 1
595 596 3
596 597 3
597 598 3
600 601 3
615 616 3
558 617 3
619 620 1
620 621 3
528 584 1
594 595 3
554 612 3
613 614 3
618 619 3
528 583 1
528 587 1
530 588 1
610 611 3
611 612 3
583 584 3
528 585 1
530 587 1
588 589 0
612 613 3
584 585 3
616 617 3
585 587 3
587 588 3
613 671 3
614 671 0
617 618 3
585 644 3
587 644 3
614 672 3
598 656 3
602 660 3
610 669 3
611 669 3
597 656 3
601 659 3
603 660 3
616 676 3
617 676 3
618 676 3
588 645 2
594 652 3
595 652 3
602 659 3
612 669 2
612 671 3
587 645 3
589 648 3
590 648 3
592 650 3
593 651 3
594 651 3
612 670 3
619 677 3
621 679 3
580 638 3
581 639 3
582 640 1
583 641 3
588 646 3
595 653 2
596 654 2
597 655 3
599 657 3
600 659 3
603 661 3
604 662 3
605 663 3
606 664 3
607 665 3
608 666 3
609 667 3
610 668 3
670 671 3
615 672 3
615 673 3
619 676 3
620 678 3
620 679 3
622 680 3
623 681 3
624 682 3
625 683 3
626 684 3
627 685 3
628 686 3
629 687 3
630 688 3
631 689 3
632 690 3
633 691 3
634 692 3
635 693 3
636 694 3
637 695 3
638 639 3
639 640 3
640 641 3
584 641 3
584 642 3
644 645 3
588 648 0
591 649 3
591 650 3
650 651 3
596 655 2
655 656 3
656 657 3
600 657 3
659 660 3
661 662 3
662 663 3
663 664 3
664 665 3
665 666 3
666 667 3
667 668 3
668 669 3
671 672 3
616 674 3
677 678 1
679 680 3
680 681 3
681 682 3
682 683 3
683 684 3
684 685 3
685 686 3
686 687 3
687 688 3
688 689 3
689 690 3
690 691 3
691 692 3
692 693 3
693 694 3
694 695 3
585 642 3
645 646 3
646 648 0
649 650 3
652 653 3
653 654 3
654 655 3
660 661 3
669 670 3
616 673 3
674 676 3
676 677 3
678 679 3
646 705 3
648 705 1
590 649 3
651 652 3
672 673 3
673 674 3
641 642 3
648 649 3
642 644 3
676 734 3
677 734 3
657 659 3
644 701 3
642 701 3
645 703 3
657 716 3
659 716 3
672 730 3
646 703 2
648 707 2
649 707 3
659 717 3
656 714 3
660 717 3
674 733 3
676 733 3
651 709 2
653 711 3
655 713 3
656 713 3
657 714 3
673 730 2
673 731 3
640 698 3
641 700 3
642 700 3
648 706 2
652 709 3
652 711 3
653 712 3
654 712 3
655 712 3
716 717 3
670 728 3
674 731 3
678 736 3
695 753 3
638 696 3
639 697 3
639 698 3
641 698 3
644 703 3
706 707 3
649 708 2
713 714 3
660 718 3
661 719 3
662 720 3
663 721 3
664 722 3
665 723 3
666 724 3
667 725 3
668 726 3
669 728 3
671 730 3
730 731 3
674 732 3
734 735 3
677 735 3
679 736 3
679 737 3
680 738 3
681 739 3
682 740 3
683 741 3
684 742 3
685 743 3
686 744 3
687 745 3
688 746 3
689 747 3
690 748 3
691 749 3
692 750 3
693 751 3
694 751 3
694 753 3
696 697 3
697 698 3
644 702 3
707 708 3
650 708 2
650 709 2
711 712 3
657 715 3
717 718 3
718 719 3
719 720 3
720 721 3
721 722 3
722 723 3
723 724 3
724 725 3
725 726 3
669 726 3
669 727 3
671 728 3
671 729 3
731 732 3
735 736 1
736 737 3
737 738 3
738 739 3
739 740 3
740 741 3
741 742 3
742 743 3
743 744 3
744 745 3
745 746 3
746 747 3
747 748 3
748 749 3
749 750 3
750 751 3
641 699 3
646 704 3
714 715 3
732 733 3
733 734 3
694 752 3
698 699 3
704 705 3
705 706 0
712 713 3
715 716 3
726 727 3
751 752 3
700 701 3
701 702 3
702 703 3
703 704 3
708 709 3
727 728 3
728 729 3
752 753 3
699 700 3
729 730 3
709 711 3
703 761 3
702 761 3
709 766 3
708 766 3
715 773 3
716 773 3
732 790 2
733 790 0
701 759 3
700 759 3
704 763 3
705 763 3
706 764 3
707 765 3
708 765 3
711 769 3
731 790 3
735 793 2
736 793 0
705 764 0
707 764 3
709 769 3
712 769 3
729 787 3
731 789 3
703 762 3
704 762 3
714 772 3
715 772 3
728 787 3
730 788 3
733 792 3
734 792 3
736 794 3
696 754 0
697 755 0
698 756 0
699 756 0
762 763 3
716 774 3
717 775 3
718 776 3
719 777 3
720 778 3
721 779 3
722 780 3
723 781 3
724 782 3
725 783 3
726 784 3
727 785 3
728 786 3
729 788 3
789 790 3
790 792 3
734 793 2
737 794 3
737 795 3
738 796 3
739 797 3
740 798 3
741 799 3
742 800 3
743 801 3
744 802 3
745 803 3
746 804 3
747 805 3
748 806 3
749 807 3
750 808 3
751 809 3
752 809 3
752 811 3
753 811 3
754 755 3
755 756 3
702 760 3
761 762 3
764 765 3
772 773 3
773 774 3
774 775 3
775 776 3
776 777 3
777 778 3
778 779 3
779 780 3
780 781 3
781 782 3
782 783 3
783 784 3
784 785 3
785 786 3
786 787 3
793 794 1
794 795 3
795 796 3
796 797 3
797 798 3
798 799 3
799 800 3
800 801 3
801 802 3
802 803 3
803 804 3
804 805 3
805 806 3
806 807 3
807 808 3
808 809 3
787 788 3
702 759 3
763 764 0
766 767 3
709 767 3
712 770 3
713 770 3
713 772 3
730 789 3
765 766 3
769 770 3
699 757 0
700 757 0
759 760 3
770 772 3
792 793 3
767 769 3
788 789 3
767 826 3
769 826 3
700 758 0
756 757 0
757 758 3
760 761 3
758 759 2
772 829 3
809 811 3
770 829 3
809 868 3
811 868 3
792 848 2
790 848 3
762 820 3
769 828 3
770 828 3
761 820 3
766 825 3
787 845 3
788 846 3
790 847 3
757 815 1
764 879 1
767 825 3
769 827 3
773 831 3
845 846 3
789 846 3
789 847 3
792 850 2
793 850 2
793 852 1
794 852 3
756 815 3
758 815 2
758 816 3
759 816 2
759 817 3
760 817 3
760 818 3
761 818 3
763 820 3
764 823 3
765 823 3
826 827 3
827 828 3
774 831 3
847 848 3
848 850 3
754 812 3
755 813 3
756 814 3
815 816 2
761 819 3
763 879 3
823 879 1
765 824 3
766 824 3
828 829 3
772 830 3
772 831 3
774 832 3
775 833 3
776 834 3
777 835 3
778 836 3
779 837 3
780 838 3
781 839 3
782 840 3
783 841 3
784 842 3
785 843 3
786 844 3
846 847 3
795 853 3
796 854 3
797 855 3
798 856 3
799 857 3
800 858 3
801 859 3
802 860 3
803 861 3
804 862 3
805 863 3
806 864 3
807 865 3
808 866 3
809 867 3
811 869 3
812 813 3
813 814 3
814 815 3
818 819 3
823 824 3
830 831 3
831 832 3
832 833 3
833 834 3
834 835 3
835 836 3
836 837 3
837 838 3
838 839 3
839 840 3
840 841 3
841 842 3
842 843 3
843 844 3
844 845 3
852 853 3
853 854 3
854 855 3
855 856 3
856 857 3
857 858 3
858 859 3
859 860 3
860 861 3
861 862 3
862 863 3
863 864 3
864 865 3
865 866 3
866 867 3
867 868 3
868 869 3
817 818 3
825 826 3
829 830 3
793 851 2
851 852 1
824 825 3
850 851 3
819 820 3
820 879 3
848 849 3
849 850 3
816 817 2
823 881 3
851 909 3
847 906 3
849 906 3
824 881 3
848 906 3
815 873 0
816 873 0
817 874 2
847 905 3
850 909 3
814 873 0
816 874 3
819 878 3
820 878 3
823 880 1
826 884 3
827 884 3
845 904 3
905 906 3
852 909 2
812 870 3
813 871 3
814 872 3
818 876 3
818 877 3
819 877 3
878 879 3
879 880 3
880 881 0
824 882 3
825 882 3
825 884 3
827 885 3
828 886 3
829 887 3
830 888 3
831 889 3
832 890 3
833 891 3
834 892 3
835 893 3
836 894 3
837 895 3
838 896 3
839 897 3
840 898 3
841 899 3
842 900 3
843 901 3
844 902 3
845 903 3
846 904 3
853 911 3
854 912 3
855 913 3
856 914 3
857 915 3
858 916 3
859 917 3
860 918 3
861 919 3
862 920 3
863 921 3
864 922 3
865 923 3
866 924 3
867 925 3
868 926 3
869 927 3
870 871 3
871 872 3
872 873 0
873 874 1
817 876 3
877 878 3
881 882 3
885 886 3
886 887 3
887 888 3
888 889 3
889 890 3
890 891 3
891 892 3
892 893 3
893 894 3
894 895 3
895 896 3
896 897 3
897 898 3
898 899 3
899 900 3
900 901 3
901 902 3
902 903 3
903 904 3
904 905 3
849 908 3
850 908 3
852 911 3
853 912 3
912 913 3
913 914 3
914 915 3
915 916 3
916 917 3
917 918 3
918 919 3
919 920 3
920 921 3
921 922 3
922 923 3
923 924 3
924 925 3
925 926 3
926 927 3
876 877 3
825 883 3
849 907 3
908 909 3
882 883 3
906 907 3
907 908 3
911 912 3
817 933 3
883 884 3
884 885 3
874 933 2
852 910 2
876 933 3
909 910 3
910 911 3
877 935 3
878 935 3
879 937 3
878 937 3
880 938 3
935 937 3
937 938 3
881 938 1
874 931 2
936 937 3
904 962 3
905 962 3
905 963 3
905 964 3
906 964 3
873 931 0
935 936 3
903 962 3
963 964 3
911 969 2
876 934 3
877 934 3
881 939 3
908 966 3
910 969 3
870 928 3
871 929 3
872 930 3
874 932 3
882 941 3
883 941 3
884 942 3
885 943 3
886 944 3
887 945 3
888 946 3
889 947 3
890 948 3
891 949 3
892 950 3
893 951 3
894 952 3
895 953 3
896 954 3
897 955 3
898 956 3
899 957 3
900 958 3
901 959 3
902 960 3
903 961 3
962 963 3
907 965 3
909 967 3
913 971 3
914 972 3
915 973 3
916 974 3
917 975 3
918 976 3
919 977 3
920 978 3
921 979 3
922 980 3
923 981 3
924 982 3
925 983 3
926 984 3
927 985 3
928 929 3
929 930 3
930 931 3
931 932 2
934 935 3
941 942 3
942 943 3
943 944 3
944 945 3
945 946 3
946 947 3
947 948 3
948 949 3
949 950 3
950 951 3
951 952 3
952 953 3
953 954 3
954 955 3
955 956 3
956 957 3
957 958 3
958 959 3
959 960 3
960 961 3
961 962 3
964 965 3
907 966 3
910 967 3
912 971 3
971 972 3
972 973 3
973 974 3
974 975 3
975 976 3
976 977 3
977 978 3
978 979 3
979 980 3
980 981 3
981 982 3
982 983 3
983 984 3
984 985 3
932 933 2
933 934 3
938 939 0
882 939 3
882 940 3
965 966 3
912 969 2
908 967 3
939 940 3
966 967 3
940 941 3
967 969 3
967 1026 3
969 1026 3
969 1028 3
912 1028 2
971 1028 2
933 991 3
934 991 3
938 996 0
940 998 3
941 998 3
962 1020 3
966 1024 3
937 996 2
961 1020 3
967 1024 3
932 991 2
936 994 3
962 1021 3
963 1021 3
965 1024 3
935 994 3
964 1022 3
967 1025 3
1025 1026 3
931 990 2
932 990 3
938 997 0
939 997 3
1020 1021 3
965 1022 3
969 1027 3
971 1029 3
972 1030 3
928 986 3
929 987 3
930 988 3
931 989 3
991 992 3
934 992 3
935 993 3
937 995 3
940 997 3
941 999 3
942 1000 3
943 1001 3
944 1002 3
945 1003 3
946 1004 3
947 1005 3
948 1006 3
949 1007 3
950 1008 3
951 1009 3
952 1010 3
953 1011 3
954 1012 3
955 1013 3
956 1014 3
957 1015 3
958 1016 3
959 1017 3
960 1018 3
961 1019 3
965 1023 3
1026 1027 3
1028 1029 3
971 1030 3
973 1031 3
974 1032 3
975 1033 3
976 1034 3
977 1035 3
978 1036 3
979 1037 3
980 1038 3
981 1039 3
982 1040 3
983 1041 3
984 1042 3
985 1043 3
986 987 3
987 988 3
988 989 3
989 990 2
990 991 2
992 993 3
994 995 3
995 996 2
996 997 2
998 999 3
999 1000 3
1000 1001 3
1001 1002 3
1002 1003 3
1003 1004 3
1004 1005 3
1005 1006 3
1006 1007 3
1007 1008 3
1008 1009 3
1009 1010 3
1010 1011 3
1011 1012 3
1012 1013 3
1013 1014 3
1014 1015 3
1015 1016 3
1016 1017 3
1017 1018 3
1018 1019 3
1019 1020 3
964 1021 3
1023 1024 3
1027 1028 3
1030 1031 3
1031 1032 3
1032 1033 3
1033 1034 3
1034 1035 3
1035 1036 3
1036 1037 3
1037 1038 3
1038 1039 3
1039 1040 3
1040 1041 3
1041 1042 3
1042 1043 3
997 998 3
1022 1023 3
1024 1025 3
993 994 3
1029 1030 3
1021 1022 3
