0 0 -1
-0.0348439 -0.0241769 39.2659
-0.0447127 0.021226 38.84
-0.0351188 0.0275382 38.0919
-0.122795 0.977794 27.3673
-0.0379849 0.407455 18.4434
0.00563423 0.300961 14.2694
-0.0536621 0.115611 24.836
-0.0201248 0.0629699 18.7039
-0.0194264 0.0378248 18.8736
0.0285825 0.0331287 7.89175
0.0407827 0.00230125 4.88265
0.00460587 0.00322796 14.0443
-0.0189072 0.0333685 19.682
-0.0130277 0.0718567 17.0711
0.00524616 0.0496316 11.8562
-0.00530742 0.0219195 15.6173
0.371883 -0.135641 -119.1
-0.00144969 -0.0615254 21.6934
-0.0292655 -0.118739 33.2871
0.000421202 0.00284551 13.9932
0.00239014 -0.00415152 13.2037
0.000319509 -0.00375285 14.2051
-0.00410686 -0.00291639 16.3724
-0.00481829 -0.00515716 16.6366
-0.000176237 -0.00466078 14.1648
0.00523545 -0.00653225 11.1675
0.0146945 -0.0153894 5.90071
0.0219777 -0.0407853 11.8938
0.0134469 -0.038855 17.0965
0.0163533 0.00273203 14.325
0.0568906 0.00620032 -13.2686
0.0943589 -0.0218186 -37.7392
0.0507221 -0.0587002 -6.2694
0.0213836 -0.0795731 14.8919
-0.0766551 -0.0915184 87.2649
0.0107959 -0.0217105 17.585
0.034885 -0.0170008 -1.35529
0.021589 -0.0168064 9.71495
-0.030296 -0.0423795 53.4486
-0.0681325 -0.0239884 84.215
0.0479698 -0.00748499 -24.6669
0.0508891 0.0079669 -27.8406
0.0805003 0.0170007 -55.0172
0.0745338 -0.00584212 -48.7378
0.058568 -0.0248705 -33.265
0.0702008 -0.0141685 -44.4918
0.00924723 -0.00373162 16.3176
0.0338651 0.000440187 -9.1979
0.0323957 0.00243349 -7.57238
-0.00422385 -0.010961 31.9076
-0.0147872 -4.44364e-05 43.0619
-0.0146327 0.0262683 42.3719
0.0143079 0.0120284 10.3027
0.00632896 -0.00538202 19.7846
0.00501814 -0.0116594 20.9419
0.0195754 -0.0467221 4.39288
-0.0179837 -0.00937319 49.1236
0.488815 0.952173 -14.3512
-0.00178941 -0.0682656 39.3665
-0.0322121 -0.00188558 38.7853
-0.0347113 0.00421384 38.7076
-0.0392586 0.0173298 38.7051
-0.0278198 0.141278 22.538
0.0200548 0.0917444 17.4818
-0.0193592 0.0160811 26.7461
-0.0602057 0.0373639 32.8658
-0.0641719 0.0594665 32.4747
-0.0324343 0.0260264 21.9692
-0.0074112 0.0272122 15.5926
0.0117384 0.0200119 11.5762
-0.00512136 0.0329839 16.0654
0.000934035 0.0333829 13.7391
0.00218334 0.0428468 13.1928
-0.0932926 -0.000633573 55.4702
-0.0217877 0.0234341 21.4528
0.00324482 0.00102878 12.8915
0.00199232 -0.00195209 13.5707
-4.50399e-05 0.00650195 14.1267
-0.00344015 0.00332478 15.8051
-0.00288336 -0.00393492 15.703
-0.0041562 -0.00766306 16.5369
-0.00474344 -0.00903781 16.7488
-0.000770871 -0.00965547 14.6694
0.00165272 -0.00956757 13.3276
-8.54552e-05 -0.0283701 15.0095
0.479354 -0.0388996 -271.601
0.0330255 -0.0175059 4.19134
0.0303269 0.00999358 5.08834
0.0305715 -0.032369 6.28358
0.0293956 -0.0968923 8.68801
0.0457303 -0.0815369 -3.15877
-0.0125645 -0.084216 40.3464
-0.0549869 -0.0567936 68.8004
0.0368436 -0.0216712 -2.95092
0.0334817 -0.0153845 0.0336882
0.0198683 -0.0213216 11.3464
-0.0387672 -0.0610746 60.9473
-0.0578255 -0.0384242 75.4636
0.0571806 0.000210334 -33.1531
0.0647023 0.0073168 -40.0679
0.059215 0.000352987 -34.6614
0.0671042 -0.0128875 -41.5994
0.0621276 -0.0152223 -36.8208
0.070007 -0.0241951 -43.7426
0.0265562 -0.00710328 -0.933129
0.0287068 0.000323448 -3.81926
0.0328057 0.00207473 -8.03172
-0.00131796 0.00615173 28.5545
-0.00430693 -0.000407798 31.7973
-0.0119935 -0.000591697 40.1663
-0.00385776 -0.0116487 31.623
-0.0109826 -0.02774 40.0263
0.00852804 -0.0210639 16.6818
0.0108 -0.024824 14.2201
-0.00319728 -0.017473 31.0312
0.488815 0.952173 -14.3512
0.0123825 -0.141571 41.6759
0.0232981 -0.13096 41.3588
-0.0640249 -0.036158 36.2387
-0.0720976 -0.0367419 37.8506
-0.0767127 0.0670139 31.4859
-0.0197302 0.0591538 24.7567
-0.0218512 0.0208643 27.0853
-0.0511191 0.0395504 31.2962
-0.0733464 0.0709956 33.9383
-0.141711 0.180463 41.0978
-0.0456952 0.0971224 22.4865
-0.0262852 0.0655773 19.3343
-0.0101921 0.0332335 17.0787
0.00153543 0.00817285 14.9197
0.026626 0.0115697 6.74904
-0.0898865 -0.0189768 54.6772
-0.0482563 0.0367033 30.5232
-0.00274536 0.0184026 14.3977
0.00445104 0.00705916 12.0719
-0.00513728 -0.00797811 17.1358
-0.000351165 -0.0118668 15.2256
-0.0176832 0.00258613 22.6155
-0.0147048 -0.0266995 22.5202
-0.00391661 -0.0359752 17.4689
-0.00333691 -0.0388126 17.3256
-0.00107155 -0.0288175 15.6626
0.0169077 -0.0836181 7.88443
0.392481 -0.0539308 -217.721
0.026636 0.00037083 7.79595
0.00372064 -0.00531785 22.8227
0.0016624 -0.0381635 25.7615
0.0663558 -0.0737487 -18.2737
0.04967 -0.0670101 -6.64671
-0.0278538 -0.0616218 49.5994
-0.00255406 -0.0216311 27.3375
0.0271629 -0.0239884 4.9721
0.0173336 -0.0154445 12.3879
-0.00594391 -0.0398403 33.2274
-0.0652244 -0.0780928 83.5432
0.0684942 0.0059968 -43.4842
0 0 -1
0.0660737 -0.0065414 -40.605
0.0530134 -0.00433469 -28.6858
0.0599444 -0.00932572 -34.9059
0.0534661 -0.0208904 -28.1291
0 0 -1
0.0273532 -0.035356 -0.247012
0.0331766 -0.00514836 -8.07791
0.0339333 0.00544612 -9.39389
0.00393128 0.00931023 22.6187
-0.0147415 0.00551061 43.1224
-0.0119708 0.00134141 40.3811
-0.0268303 0.00673397 56.9879
-0.0174556 0.00489027 46.2581
0.00890362 0.0165505 14.107
0.0216596 -0.000792746 0.242019
-0.00775003 0.00328994 35.658
-0.00275531 -0.0591273 35.8957
-0.00853727 -0.0953683 38.7934
-0.0513756 -0.0943312 40.8717
-0.0524974 -0.00889766 34.1512
-0.0600824 -0.00222438 34.5586
-0.0592137 0.0486687 30.43
-0.0464044 0.0611856 28.0141
-0.0239975 0.0358101 26.5906
-0.0364333 0.0266961 29.3328
-0.0454865 0.0355469 30.5589
-0.0762511 0.0690043 35.1343
-0.130399 0.143716 41.5621
-0.0868954 0.083891 34.1584
-0.0228445 0.043681 19.5505
0.000715554 0.0477173 12.0908
0.00441016 0.0107256 13.6491
-0.05745 -0.054417 45.9078
-0.0251661 0.0141828 23.5622
-0.00665815 -0.0151818 18.4288
-0.00181215 0.00602238 14.8076
-0.0162263 0.00105341 21.3338
-0.00897509 -0.0146562 19.1902
-0.0143764 -0.0352124 23.4234
-0.0115966 -0.0127796 20.3822
0.0101939 -0.446246 35.9975
0.0240671 -0.447481 28.2916
0.0369555 -0.430429 19.6372
0.0504615 -0.139043 -9.57603
0.04133 -0.0609339 -8.5263
0.00641788 -0.0235396 10.042
0.00325598 -0.00862311 10.8197
0.00974074 0.00267251 5.612
0.0135863 -0.0131603 4.25462
0.0273005 -0.0239319 6.47806
-0.00534158 -0.0157471 29.2456
0.00130975 -0.0119876 24.0816
0.0292267 -0.0018854 2.78836
-0.00311661 -0.0281084 28.9835
-0.0438393 -0.0572688 64.2448
0.0576661 -0.00811118 -33.4504
0.0761705 -0.00984585 -48.9791
0.0663834 -0.0103428 -40.5353
0.0693337 -0.0120888 -43.1613
0.0530541 -0.0130727 -28.1396
0.0465732 -0.00731365 -22.332
0 0 -1
0.0473998 -0.0324052 -21.4814
0.118124 -2.86841e-05 -95.3583
0.0542887 -0.00874581 -29.7359
0.0388843 0.00343293 -14.5223
0.0250234 0.0104901 -0.027198
-0.00847196 0.00970392 36.0161
-0.00761707 -0.00383702 35.8381
-0.00553919 0.0130744 32.3011
-0.0108086 0.0107082 38.3807
-0.0218802 0.0324233 49.6877
0.0166843 0.0212989 4.71239
0.0211815 0.0124478 -0.0220734
0.00114137 -0.044733 34.5579
0.00727133 -0.0401035 33.859
-0.015031 -0.0414987 34.6604
-0.0259916 -0.00497824 31.885
-0.0301763 0.0124112 30.9247
-0.0276956 0.033186 28.8936
-0.0390129 0.0491362 28.7695
-0.0536933 0.0320707 31.8247
-0.0427122 0.0245159 30.4708
-0.0347191 0.011971 30.2517
-0.0478531 0.0261817 31.9947
-0.0908506 0.0553627 39.4416
-0.0965791 0.0933829 36.8165
-0.0504881 0.063675 26.2487
-0.013645 0.0394414 17.853
0.0858714 0.0454832 -14.2173
0.0379244 -0.0242016 10.2427
-0.0393203 -0.0192887 31.32
-0.0190877 -0.0180442 23.5699
-0.00524629 -0.0263668 18.8301
-0.0127706 -0.0262849 22.2676
-0.0243401 -0.0233305 26.9204
-0.00105626 -0.0725775 20.2463
0.0154801 -0.0230152 7.76022
0.00401711 -0.0170242 3.11811
0.039803 -0.0405544 -13.5191
0.0557716 -0.0572686 -21.3446
0.099092 -0.0890901 -41.5878
0.0602174 -0.0733416 -18.6089
0.0117152 -0.0295785 7.37529
0.0112311 -0.0165085 6.33961
0.00036376 -0.0252362 14.4878
0.000823332 -0.0261453 14.1182
0.0145828 -0.00490142 14.1588
0.0166681 0.0119672 10.7666
0.000409903 -0.0446635 14.5295
0.0236883 -0.0481376 -2.8162
-0.0402095 0.029961 54.5609
-0.0402728 -0.0212602 58.5242
0.0696627 -0.0140777 -43.0758
0.0770792 -0.0167784 -49.0397
0.0603502 -0.012959 -35.0568
0.0694211 -0.0423586 -40.5819
0.0615063 -0.0275864 -34.7852
0.0655043 -0.00510998 -40.5018
0.0556139 0.00452033 -32.2029
0.0615226 0.015219 -39.3437
0.055705 0.0238727 -33.8467
0.0479338 0.00565015 -24.1628
0.0338793 0.00505872 -9.44006
0.0104437 0.00755115 15.6765
-0.0189052 0.00326441 47.7435
-0.00441415 -0.0102957 32.785
-0.00153904 -0.0131858 30.0291
-0.00601858 -0.00976604 34.6285
-0.00782346 0.00230013 35.6299
0.0117628 0.00479916 12.1969
0.0101643 0.00963025 13.5891
0.00746765 -0.0274229 32.6764
0.00795494 -0.0176869 31.5624
-0.00851244 -0.0178717 32.2691
-0.00746681 -0.00564329 30.7587
-0.0187931 -0.000159144 31.0171
-0.0256623 0.00319421 31.5796
-0.054207 0.00649421 34.8715
-0.0580493 0.0131568 34.4246
-0.0496191 0.0128719 33.0336
-0.0447326 -0.00238179 33.7206
-0.0367254 -0.00964412 33.0706
-0.0712524 -0.00149875 40.3493
-0.0753708 0.0191959 38.702
-0.0736209 0.0104396 38.9785
-0.0276184 0.0109543 24.9422
0.0598144 0.00602452 -2.5596
0.147776 -0.000711094 -30.1475
-0.026939 -0.0101918 25.6983
-0.0308876 -0.0341274 30.1354
-0.0194974 -0.0627674 28.678
0.000845846 -0.0464813 18.4785
-0.0302319 0.0578154 11.6294
-0.00744072 0.0419241 2.78492
-0.0109846 0.0587301 2.67167
-0.0029128 0.0252089 2.27672
0.00822285 -0.00919433 0.443476
0.060543 -0.0602732 -23.1286
0.0804319 -0.0738325 -32.5702
0.0902258 -0.105953 -34.4543
0.060526 -0.0819278 -17.7858
0.0341184 -0.0398394 -5.97175
-0.0172472 -0.0560988 29.9189
-0.0163197 -0.0564365 29.3244
0.0342773 -0.00171077 -0.447977
0.0502635 0.0246257 -15.2124
0.0425063 0.0339829 -10.0535
0.00642476 0.012783 20.1137
0.0180816 0.00123069 12.1736
0.068458 -0.0139278 -42.2863
0.0761326 -0.0232374 -47.6365
0.0672457 -0.0215789 -40.1859
0.0698804 -0.00499918 -44.3965
0.060257 -0.00300246 -36.1749
0.0754642 0.00950702 -51.6574
0.0640847 0.00662746 -40.3379
0.0606575 0.0113613 -37.7794
0.0709054 0.022559 -48.5168
0.0519691 -0.00498741 -26.2305
0.0385766 0.00190568 -13.8762
0.0293233 0.00307663 -4.44702
0.00860974 0.000282865 18.2449
-0.0213203 0.0049942 50.1071
-0.0127421 0.00463133 40.3978
-0.00801836 0.00815526 34.7934
-0.0147915 0.0175861 41.2795
0.00370139 0.00733336 21.1955
0.028689 0.0165436 -9.41917
0.0111718 0.0174928 11.6274
0.00422766 -0.014608 31.0648
0.00327237 -0.016638 31.3622
0.00598461 -0.00990624 30.2224
0.00830099 -0.0089668 29.8327
-0.00885785 -0.00148836 30.3441
-0.0258362 0.00395442 31.4124
-0.0499201 0.00507172 34.3884
-0.0654758 -0.00153876 37.4752
-0.0544933 -0.0113887 36.8713
-0.0472594 -0.0148357 35.8435
-0.0482987 -0.0202863 36.9466
-0.0714346 -0.017434 42.0191
-0.0841992 -0.0172359 45.2559
-0.0646914 -0.0248613 40.6516
-0.0168199 -0.00585047 23.6244
0.101121 0.015639 -17.3478
0.148058 0.00340254 -30.9979
-0.0586135 -0.0397404 41.2806
-0.0539828 -0.076348 44.4333
-0.00564289 -0.0532696 20.5064
0.0713467 -0.0377479 -13.4351
-0.0201955 0.048295 8.12778
0.00149654 0.0512994 -2.39253
-0.0389552 0.0340369 21.0896
-0.0675431 0.0371364 35.3405
-0.0320694 0.0233119 18.1852
-0.00883716 -0.0262797 12.0207
0.0611034 -0.0770444 -21.2355
0.0785841 -0.0732199 -32.5644
0.0829486 -0.0831899 -32.9105
0.0851656 -0.038506 -39.5834
0.0232557 -0.414574 49.8612
0.0121863 -0.0750432 10.8314
0.0553799 -0.00998864 -14.645
0.0739347 0.00539263 -30.078
0.0419918 0.0307972 -26.9015
0.0500752 0.0358013 -33.9846
0.0266208 -0.00367457 -9.06504
0.0349286 -0.00530297 -15.7461
0.0835894 -0.00259591 -56.6039
0.0699885 0.000104683 -45.2337
0.0742284 0.00481129 -49.3791
0.0759122 0.00691928 -51.2646
0.0712218 0.00322052 -46.395
0.0632922 -0.00145347 -38.4164
0.0524146 -0.00176066 -28.0062
0.05699 -0.0137841 -30.2375
0.0368405 -0.0133165 -9.89989
0.0430496 0.00227573 -18.6816
0.0319223 0.00601055 -7.52958
0.00821404 -0.00882081 20.0204
-0.0154179 -0.00391239 44.8581
-0.0124735 0.00773605 39.8797
-0.00913967 0.0075943 36.2501
-0.00463452 0.00976727 30.6823
-0.00103107 0.0122602 26.1732
0.0188158 0.00714173 3.34271
0.0216061 0.00704975 0.123767
0.00539882 -0.000780028 28.9902
0.00636127 -0.00325136 29.3418
0.00994582 7.32247e-05 28.6293
0.00541009 0.00164687 28.6416
-0.0103919 -0.0036947 30.817
-0.0287903 -0.00717161 33.3422
-0.0531559 -0.0104225 37.1256
-0.0733683 -0.0105461 39.911
-0.0588759 -0.0105345 37.5538
-0.0538437 -0.00939515 36.3461
-0.0586882 -0.0193468 39.0515
-0.0611099 -0.0159399 39.0272
-0.0794481 -0.0143393 43.3461
-0.0482139 0.00113489 31.9927
-0.025298 -0.00896701 26.7793
0.0800123 -0.00223506 -8.52493
-0.0189059 -0.0186525 31.2665
-0.11237 -0.0207566 58.2651
-0.062034 -0.0433767 41.8466
0.0068164 -0.0213662 10.7486
0.0517321 -0.051086 -2.90294
-0.0460337 0.0482021 20.5106
-0.014684 0.0588563 4.06687
-0.0325427 0.0497885 14.9646
-0.259664 0.0175632 138.502
-0.0511172 0.0107744 30.1002
-0.0441593 -0.00121966 27.985
0.00838113 -0.0407006 3.95706
0.0686414 -0.0179603 -35.2177
0.123792 -0.0288502 -67.0176
0.0990854 -0.0136078 -53.5966
0.0336643 0.0200514 -20.7403
0.0388539 -0.0029718 -20.5434
0.0595472 -0.00325627 -19.0378
0.0535997 -0.010996 -13.3869
0.0561678 0.0614923 -42.3538
0.0371274 0.0627506 -27.8557
0.0262104 -0.000875324 -9.13823
0.0393573 0.000177502 -20.1472
0.0703796 -0.00212186 -45.3668
0.0838163 0.0011705 -57.2021
0.0720529 -0.00428737 -46.1136
0.0703882 -0.00566463 -44.4382
0.0584169 -0.0107074 -32.6099
0.06018 -0.0212792 -32.6866
0.0507371 -0.0426398 -20.3681
0.0623014 -0.0207272 -34.9265
0.0511776 -0.022149 -23.432
0.0493493 -0.0152896 -22.6007
0.0332957 -0.00134452 -7.86086
3.89928e-05 -0.00361308 27.9353
-0.00801095 -0.000764406 36.2603
-0.0115445 -0.00126394 40.2108
0.00585023 0.000731021 20.1838
0.0065075 0.00746125 18.2491
0.00906189 0.0144029 14.1179
0.0193608 0.0118771 2.03257
0.0226543 0.0128162 -1.89624
0.00911987 0.0129345 26.6345
0.00511169 0.0108841 27.0797
0.00698679 0.00861842 27.3598
-5.85556e-05 -0.0129504 31.3258
-0.00452953 -0.0117008 31.5237
-0.029503 -0.0095324 33.7858
-0.0505506 -0.0144704 37.3768
-0.0643132 0.000208993 36.5313
-0.057019 0.00654436 34.2029
-0.0617851 0.00149293 35.9957
-0.0551396 -0.00505365 35.824
-0.0616924 -0.00116237 36.6818
-0.0741903 0.00987534 37.7631
-0.045621 0.00920473 29.7745
-0.0416865 -0.00134045 30.5148
-0.0366467 -0.00314542 29.2718
0.0912861 0.0113603 -12.1995
-0.103853 -0.00958967 52.0796
0.000387192 0.00458698 8.94719
0.0307556 0.0336505 -8.99694
-0.0394791 0.0541359 17.2849
-0.058451 0.067366 22.99
-0.0139326 0.104551 -4.29244
-0.0263535 0.0837025 5.66874
-0.0581771 0.129555 13.2301
-0.0634615 0.0740498 25.5878
-0.0439299 0.0302485 22.6629
-0.0119098 0.301144 -44.8014
0.0753057 0.0564284 -51.679
0.104374 0.0731797 -72.6359
0.0303704 0.0671311 -24.0876
0.00656583 0.0658455 -10.0808
0.0507415 -0.00455411 -27.8165
-0.014793 0.037001 10.8024
0.046489 0.00701634 -11.3579
0.0298049 0.0343187 -17.0535
0.0361076 0.032176 -21.7055
0.0603368 -0.00178453 -21.3759
0.0213743 -0.00302193 -4.9109
0.0823595 -0.0174342 -52.8083
0.0761957 0.00209991 -50.9217
0.0741114 0.00573147 -49.8221
0.0661975 0.00399872 -42.5213
0.0588711 -0.00115256 -34.8689
0.0513109 -0.0101258 -26.2794
0.0619499 -0.00736111 -36.986
0.063685 -0.0142585 -37.3697
0.0575548 -0.0151987 -31.0074
0.0548076 -0.0083801 -29.386
0.0397855 -0.00526632 -14.1162
0.00606482 -0.00551337 21.8963
-0.0103235 -0.00642536 39.6531
-0.00523199 -0.00247337 33.3088
0.0211229 -0.00832517 4.3438
0.0141996 -0.00853783 12.0418
0.0108706 0.00247057 14.2494
0.0271757 0.00079968 -5.12678
0.0107676 0.0185481 11.3523
0.00939261 0.0158905 26.0818
0.00723576 0.02085 25.1646
-0.00926594 0.0127936 27.5256
-0.0140638 0.0221022 25.5502
-0.00745883 0.0128709 27.0688
-0.0351156 -0.00194958 32.9751
-0.0386573 -0.00390413 33.6292
-0.054904 0.00541493 34.1578
-0.0621381 0.00544444 35.3859
-0.0668638 0.000573869 37.2653
-0.057928 0.00817829 33.931
-0.0588295 0.00272952 35.21
-0.0608596 0.0141731 33.4539
-0.0556823 0.0308779 28.5476
-0.0574853 0.0201533 31.3034
-0.0523205 0.018908 30.1003
-0.131806 -0.0144961 64.5991
-0.156689 0.0117817 68.4703
0.0314173 0.114921 -24.5755
0.0283654 0.143167 -28.5876
-0.0104388 0.104388 -3.71808
-0.012982 0.265345 -36.9506
-0.0280589 0.147369 -5.74738
-0.028034 0.180636 -12.032
-0.0177836 0.265147 -34.4995
-0.0305325 0.226671 -19.9289
0.00421426 0.347613 -63.4729
0.00326779 0.345735 -62.6197
0.0150583 0.321256 -64.7997
0.0540952 0.216685 -67.8484
0 0 -1
0.00867597 0.212674 -37.2766
-0.00556927 0.215036 -28.9029
0.0548564 0.100919 -36.203
0.0304274 0.072764 -12.5133
0.0381191 0.00258816 -17.8011
0.0516761 0.0969798 -34.7586
0.0299801 0.0283258 -3.24052
0.0212312 0.210564 -45.8887
0.0340465 0.21747 -57.9709
0.058708 0.0278215 -40.9373
0.0860846 0.014578 -61.9431
0.0663243 0.016475 -44.8918
0.0564371 0.0144002 -35.6861
0.0626773 0.00667436 -40.2923
0.0555323 0.0193203 -36.031
0.0581184 0.0173647 -38.181
0.061768 -0.00181956 -37.8069
0.0571047 -0.000730489 -33.2149
0.0387337 0.000934996 -14.2142
0.0140289 0.0026694 11.7795
-0.00707817 0.0112094 32.6583
-0.00326104 0.015097 27.3811
0.000887862 0.0119573 23.1813
0.020164 -0.000510854 3.36459
0.00311371 -0.00861583 25.4902
0.029847 0.00190351 -8.67277
0.0300429 0.00128039 -8.68228
0.0044887 0.0181337 25.6287
0.000253107 0.0154752 26.1714
-0.00397179 0.00948824 27.8534
-0.00462914 0.0278715 23.6509
-0.0244323 0.018412 27.5756
-0.0436974 0.0188515 29.4972
-0.0450823 0.0080147 31.9504
-0.0526015 0.00631628 33.5314
-0.0553067 0.0077921 33.5742
-0.0539125 0.026305 29.0411
-0.0619905 0.0318255 29.5686
-0.0600506 0.0077902 34.3991
-0.0334682 0.0338209 21.8707
0.000394012 0.141512 -11.6783
0.00697375 0.216651 -30.1686
-0.00081937 0.105118 -1.05268
-0.00268255 0.0379648 14.7078
-0.0508316 0.0966171 18.4935
-0.0277736 0.31195 -42.3199
0.0107197 0.237412 -41.1593
-0.00931263 0.301013 -46.9934
-0.00144496 0.309378 -52.3759
-0.0288915 0.260695 -28.4466
0.00158822 0.301225 -52.0043
0 0 -1
-9.37934e-05 0.320562 -55.4047
0.00125868 0.330313 -58.2208
0.000719682 0.340741 -60.1973
0.00113298 0.327992 -57.6531
0.00481375 0.31967 -58.1909
0.0240533 0.28464 -62.8062
0.028108 0.281203 -64.687
0.0869043 0.0834062 -54.9666
0.0490859 0.0729596 -25.7579
0.0357495 0.0639029 -14.0985
0.0428869 0.0710037 -21.1392
0.0251181 0.093987 -12.992
0.0193063 0.088261 -7.33842
0.00319522 0.063566 11.8994
0.0175898 0.273796 -55.938
0.0163836 0.288282 -58.1793
0.0181759 0.268794 -55.1422
0.0304401 0.257999 -63.5937
0.0288622 0.239849 -58.0863
0.0275616 0.224931 -53.6549
0.018632 0.137335 -25.4101
0.0429386 0.142251 -50.3602
0.0467219 0.0286452 -29.0702
0.0467477 0.0213723 -27.3122
0.0396319 0.000545593 -15.138
0.0232358 -0.00135615 2.83946
-0.000364834 0.0172642 24.3146
-0.00938335 0.0123644 35.2172
-0.00652323 0.0335644 27.2306
-0.00226986 0.0364358 21.9174
0.0203874 0.0233002 -1.7097
0.0276981 0.0213744 -10.2992
0.0299507 0.00951033 -10.3137
-0.00491298 0.0388688 20.8133
-0.00567768 0.0470727 18.6922
0.000117415 0.0503512 17.7229
-0.013573 0.0580635 16.864
-0.0248002 0.075368 13.6731
-0.0465683 0.0431759 23.7795
-0.0447523 0.00710409 31.9992
-0.0463683 0.0374144 24.9956
-0.0368724 0.0521601 19.6344
-0.01112 0.167156 -13.536
-0.0473125 0.0767828 15.5219
-0.00702265 0.279464 -42.8829
0.0190492 0.292171 -52.858
0.0272706 0.209392 -34.8774
0.00349948 0.232732 -33.6295
-0.0109551 0.117606 -0.818662
-0.0163321 0.107617 3.47562
-0.0281057 0.272352 -32.381
-0.0160389 0.30379 -44.7265
-0.0132612 0.301087 -45.348
-0.00211003 0.316519 -53.7581
0.00420289 0.318423 -57.042
-0.000727959 0.314056 -53.7001
0.0026789 0.31976 -56.6588
0.00258996 0.322758 -57.3794
0.00273327 0.321412 -57.0284
0.00309829 0.321177 -57.1549
0.00225326 0.325728 -57.7894
-0.00197019 0.323192 -54.6486
0.00309999 0.319947 -56.9985
0.00738603 0.315406 -58.7131
0.0272255 0.295179 -67.0118
0.0784492 0.159007 -67.8025
0.0494791 0.0660858 -24.7404
0.0399986 0.0400472 -11.7825
0.0521626 0.0447399 -22.0944
0.0467362 0.0452777 -17.7604
0.0281939 0.0547716 -5.7924
-0.0285064 0.0505067 40.9934
0.00893591 0.273439 -48.4644
0.0149579 0.273002 -53.5161
0.0204407 0.264767 -56.2577
0.0212228 0.265679 -57.1956
0.0199061 0.266767 -56.2598
0.0103865 0.264968 -46.8457
0.0166006 0.247117 -48.4556
0.0105984 0.256161 -44.6428
-0.00188489 0.261489 -33.2927
0.0157797 0.283027 -56.4523
0.0198872 0.279781 -59.9106
0.0158957 0.279467 -55.6119
0.0127629 0.295585 -56.3129
0.0111261 0.30854 -57.6539
-0.0003171 0.306111 -44.0784
0.0106613 0.303011 -56.0192
0.0141926 0.31119 -62.1239
0.0345089 0.315679 -87.485
0.0347643 0.317554 -88.3249
0.0217147 0.05872 15.5253
0.0232806 0.100211 4.44374
0.0418213 0.18042 -17.9548
-0.00262573 0.171913 -13.1789
0.00349633 0.170263 -14.1715
-0.0142707 0.264911 -37.621
-0.0163999 0.28298 -41.8821
-0.00761903 0.310552 -50.6812
0.0129753 0.315152 -55.6472
-0.0158867 0.299057 -45.6492
-0.0101293 0.305422 -48.6999
-0.0015869 0.306197 -50.9834
0.00522857 0.324166 -57.1807
0.008232 0.309528 -54.4085
-0.00377719 0.312514 -51.5458
-0.0105345 0.321514 -51.8448
-0.012097 0.32494 -52.3488
-0.000500068 0.314838 -54.0178
-0.00804433 0.304634 -48.3536
-0.000241319 0.314697 -54.1
0.000696877 0.323473 -56.685
0.0013614 0.317779 -55.5676
0.00268367 0.318947 -56.4493
0.00460702 0.320765 -57.8809
0.00231174 0.319768 -56.447
0.00324786 0.31907 -56.787
0.000654599 0.321365 -55.9102
0.00111218 0.318546 -55.4233
-0.00216923 0.315513 -52.6269
0.00314942 0.314352 -55.5861
0.00143862 0.31535 -54.757
0.00266932 0.30887 -53.9118
0.0221884 0.283802 -60.6874
0.0194817 0.288915 -59.9971
0.0125282 0.315469 -62.0495
0.0199624 0.308229 -65.6933
0.0131326 0.310883 -61.2941
0.00214612 0.276995 -43.2764
0.000459279 0.304833 -49.4422
-0.00404683 0.294894 -42.9649
0.00681151 0.310034 -56.1631
0.0180311 0.301613 -63.6168
0.0226388 0.297901 -66.7223
0.020297 0.294064 -63.5629
0.0161952 0.292848 -59.3906
0.0180432 0.289017 -60.1919
0.0167561 0.292216 -59.7653
0.0138514 0.295748 -57.7608
0.019976 0.297688 -64.6474
0.0180008 0.288892 -60.2589
0.0182807 0.294635 -62.113
0.0152441 0.297281 -59.4551
0.0146319 0.299397 -59.3522
0.00874516 0.301305 -53.2493
0.0096358 0.306757 -55.7259
0.0168246 0.304023 -63.4358
0.020841 0.309391 -69.7195
0.0287952 0.301932 -77.2817
0.0436681 0.337575 -61.7368
0.0473991 0.324719 -58.0402
0.0246741 0.293466 -47.781
0.00712821 0.279206 -42.5149
-0.00620661 0.277505 -41.2131
0.00161158 0.289908 -45.1928
-0.0115955 0.296776 -46.2314
-0.0070507 0.31898 -53.1623
0.000761511 0.313809 -53.2085
0.00667636 0.346249 -63.3672
-0.00333295 0.334511 -57.8169
0.00404692 0.316101 -54.7509
-0.00607609 0.328441 -55.1477
-0.00812277 0.299749 -46.6009
-0.0123789 0.299846 -45.3966
-0.00304108 0.316109 -53.192
0.00139721 0.317771 -55.3058
-0.00985051 0.329139 -54.3711
-0.00211002 0.323434 -55.783
0.00460782 0.320541 -57.6681
0.0032014 0.325504 -58.4671
0.00296819 0.328322 -59.2219
0.00320627 0.328827 -59.4826
1.92776e-05 0.325878 -57.046
0.00242372 0.321376 -57.0082
0.00345612 0.323541 -58.1864
0.00406348 0.324117 -58.6079
0.00200347 0.328076 -58.5882
-0.00347044 0.326613 -54.9421
0.000612576 0.321604 -56.1038
0.00326068 0.321897 -57.8431
0.000850113 0.323275 -56.6368
0.00512804 0.322096 -59.289
0.0179625 0.309944 -64.8286
0.0261335 0.298669 -67.33
0.0165194 0.31172 -63.8909
0.00942402 0.316386 -59.8241
0.00548729 0.314685 -56.2643
0.00483687 0.319918 -57.2665
0.00712816 0.321009 -59.402
0.00896719 0.322866 -61.4686
0.0136233 0.317978 -64.1283
0.0180838 0.313529 -66.8699
0.0178449 0.307863 -65.0451
0.0161051 0.309876 -63.9566
0.0134876 0.311169 -61.8348
0.0175349 0.308684 -65.0602
0.0166528 0.310036 -64.5197
0.0126915 0.314095 -61.6302
0.0167575 0.313802 -65.877
0.0199285 0.311524 -68.5475
0.0137701 0.315411 -62.9698
0.00895788 0.307888 -55.4326
0.0141488 0.311137 -62.2425
0.0135697 0.306332 -60.183
0.018676 0.307922 -66.6866
0.028796 0.30751 -78.7066
0.0226012 0.31013 -71.9822
0.0311355 0.336312 -61.238
0.0305347 0.315244 -54.7159
0.0210006 0.304116 -51.0752
0.00540864 0.297155 -47.9876
0.00783136 0.321487 -56.3833
0.00551203 0.317274 -54.7324
0.00425327 0.341175 -61.802
-0.00377962 0.342282 -60.62
0.00689927 0.332294 -59.1371
-0.00436662 0.317874 -52.1538
-0.0113733 0.278029 -38.3445
-0.0202971 0.29046 -40.4172
-0.0157751 0.29436 -43.0804
-7.84225e-05 0.3105 -52.5257
0.00171188 0.314012 -54.077
0.00271986 0.319571 -56.1072
0.00381016 0.321182 -56.9547
-0.00113451 0.321027 -55.1327
-0.00182109 0.322634 -55.5038
-0.00281852 0.325581 -55.9726
0.00449896 0.317573 -56.6797
0.00898935 0.317614 -58.7224
0.0017696 0.3275 -58.3062
-0.00329051 0.325483 -55.2698
0.00243015 0.325624 -58.2238
0.00322742 0.328333 -59.4766
0.00529349 0.324726 -59.5106
0.00534533 0.323473 -59.1771
-0.00382465 0.323986 -53.8821
-0.00262117 0.325056 -55.0059
0.000883928 0.326331 -57.5866
0.00393766 0.328053 -60.1115
0.00324952 0.330016 -60.2163
0.00464106 0.320634 -58.302
0.0122633 0.310919 -60.9609
0.026217 0.297554 -67.0566
0.0149136 0.310467 -62.3136
0.00668565 0.315177 -57.3287
0.00940316 0.317703 -60.3254
0.0100888 0.317404 -60.7857
0.0112192 0.318642 -62.129
0.0126672 0.324484 -65.2055
0.0111587 0.32476 -63.9285
0.0163348 0.32147 -67.65
0.017462 0.315092 -66.6642
0.0182306 0.316095 -67.7496
0.0147748 0.318765 -65.2172
0.0130394 0.311779 -61.3159
0.0133239 0.311043 -61.3484
0.0132645 0.311322 -61.3658
0.015818 0.311646 -64.231
0.016912 0.306117 -63.6414
0.0151286 0.308472 -62.3971
0.0164605 0.309987 -64.4542
0.0174079 0.314226 -66.8805
0.0163855 0.326305 -69.4186
0.0157281 0.328127 -69.2096
0.00868581 0.317659 -57.4979
0.0208547 0.34159 -62.8292
0.0164012 0.338165 -61.6102
0.0164938 0.346872 -64.6363
0.00267684 0.350755 -64.7403
0.00617675 0.337181 -60.996
0.0187576 0.360922 -69.8087
0.0140848 0.359244 -68.6515
-0.0146459 0.305527 -46.3242
-0.0214927 0.269113 -33.2977
-0.0208783 0.268019 -33.5623
-0.00865366 0.287373 -42.4948
-0.0138011 0.295529 -43.8222
-0.00324804 0.31479 -52.8662
0.00262514 0.32974 -59.3614
-0.000342388 0.325343 -56.9688
-0.00020011 0.324778 -56.8664
0.00022348 0.319784 -55.3262
0.000212897 0.324262 -56.7551
-0.00524796 0.328071 -55.9015
-0.00457676 0.327025 -55.7866
-0.00200528 0.326377 -56.6507
0.00609251 0.331656 -62.0236
0.00244363 0.320361 -56.4771
0.00220712 0.322095 -56.9353
0.0030854 0.326082 -58.7088
0.00492017 0.330292 -61.0584
0.00415083 0.326408 -59.3321
0.00156465 0.325812 -57.6736
-0.00146513 0.328179 -56.6566
-0.00238557 0.328391 -56.212
0.00417378 0.327298 -60.0082
0.00476575 0.328004 -60.6135
0.000630347 0.32794 -57.75
-8.12586e-05 0.326239 -56.7156
-0.000499295 0.325396 -56.1489
0.0135918 0.31527 -63.4164
0.0289632 0.295807 -68.6387
0.0181315 0.309143 -64.4247
0.00926773 0.320088 -60.9355
0.0112646 0.320093 -62.6495
0.0135719 0.319994 -64.5837
0.0158876 0.319124 -66.3188
0.0111564 0.315712 -60.9556
0.0120997 0.312007 -60.6448
0.0155907 0.307743 -62.5328
0.0167804 0.305215 -62.8812
0.0176083 0.296547 -60.7804
0.0133176 0.298109 -57.0042
0.0140571 0.302418 -59.1767
0.011369 0.310421 -59.0824
0.0115233 0.316025 -61.0765
0.0169498 0.309758 -64.8967
0.019856 0.305245 -66.7729
0.0185659 0.308444 -66.229
0.02308 0.312381 -72.8442
0.0243524 0.322855 -77.7499
0.0182872 0.329818 -72.808
0.0113498 0.335421 -66.3062
0.0283411 0.34903 -65.4609
0.0276433 0.352754 -66.8064
0.0319534 0.355875 -68.1047
-0.0159593 0.380708 -73.3168
-0.0142703 0.336935 -57.764
-0.0039373 0.324974 -54.6786
-0.00415262 0.3273 -55.0016
-0.019202 0.260202 -30.9096
-0.0158203 0.279464 -38.3263
0.0012662 0.304475 -50.3631
-0.00187269 0.309208 -51.2064
0.00285392 0.312455 -53.4965
0.0054845 0.324951 -58.5936
0.00253627 0.329802 -59.2976
-0.00379204 0.317993 -53.2437
-0.00515854 0.317377 -52.54
0.00319368 0.314725 -54.5228
0.00502863 0.323741 -58.3296
0.00101348 0.326804 -57.9596
0.0017414 0.328834 -58.9664
0.000759605 0.330688 -59.1721
0.0026241 0.328769 -59.3892
0.00015092 0.325141 -56.9476
0.00318899 0.32382 -57.9479
0.00514679 0.324449 -59.1388
0.00390666 0.327094 -59.4007
0.00237392 0.323594 -57.3134
-0.000643674 0.326179 -56.501
-0.00182017 0.325648 -55.5811
-0.0024959 0.325141 -55.0241
0.00525693 0.320671 -58.4246
0.00525297 0.319714 -58.0603
0.00187236 0.322472 -56.7705
0.00175899 0.323282 -56.9813
0.00125802 0.328828 -58.5968
-0.000360684 0.327746 -57.012
0.0113535 0.318622 -62.8723
0.0325616 0.293163 -70.5397
0.0217028 0.311206 -67.9891
0.0119751 0.325501 -65.039
0.0124683 0.323967 -64.9126
0.010945 0.320341 -62.2998
0.00854234 0.31545 -58.4386
0.00881148 0.311808 -57.3826
0.00679598 0.302432 -52.2011
0.00584247 0.294492 -48.5152
0.0107493 0.285558 -50.203
0.0115289 0.278169 -48.4255
0.0187781 0.280535 -56.7432
0.0285893 0.300809 -74.0579
0.0166094 0.318728 -67.5214
0.0146705 0.318896 -65.5241
0.0194285 0.312437 -68.4886
0.0210836 0.31652 -71.7423
0.0286055 0.321651 -82.1624
0.0234241 0.334905 -80.7374
0.028105 0.335479 -86.5136
0.00514634 0.340223 -60.4418
0.0306001 0.352891 -66.8332
0.029769 0.358843 -68.9707
0.0273426 0.373904 -74.2169
-0.0217632 0.338486 -58.1179
-0.0287677 0.273746 -34.4771
-0.031094 0.230837 -18.8029
-0.027879 0.247437 -25.0899
-0.0108025 0.261185 -32.4696
-0.00987795 0.287616 -42.1153
0.00107642 0.296682 -47.523
0.0117333 0.29528 -49.3324
0.00370246 0.311895 -53.3811
0.00288791 0.311323 -53.0833
-0.000155541 0.301384 -48.5239
-0.00487102 0.291582 -43.5776
-0.00392645 0.294928 -45.0308
-0.00158152 0.302314 -48.4301
0.00431846 0.292399 -47.053
0.00589356 0.307686 -53.1366
0.000789441 0.309372 -51.6994
0.000713687 0.305656 -50.3328
0.000328406 0.309884 -51.6776
-0.00104085 0.305146 -49.317
0.00603096 0.303002 -52.0387
0.003311 0.310018 -53.1181
0.000289852 0.297165 -46.9008
0.00488939 0.29558 -48.8696
0.00656589 0.305278 -53.3344
0.000126834 0.312943 -52.2753
-0.00733948 0.309505 -46.4626
-0.00184344 0.29758 -45.6811
0.00335117 0.289965 -46.3266
0.00816343 0.294875 -51.3998
0.00646464 0.308839 -55.2204
0.00235004 0.315319 -54.6042
-0.00229651 0.314035 -50.68
0.00620036 0.306682 -54.5981
0.0246476 0.288095 -62.3744
0.0275005 0.292413 -66.1248
0.0159045 0.305032 -61.1191
0.00772191 0.301532 -52.898
0.00642011 0.293989 -49.0212
0.007156 0.290383 -48.365
0.00597438 0.286601 -45.8814
0.00241682 0.278605 -39.6728
0.00445735 0.272461 -39.4137
0.00541962 0.26552 -37.85
0.0113231 0.264275 -43.3029
0.0208869 0.264811 -53.3544
0.0348304 0.271147 -70.188
0.0259972 0.290396 -67.6312
0.0174042 0.301919 -62.5367
0.0207362 0.28896 -61.6683
0.0248199 0.300625 -70.3912
0.0358052 0.307606 -85.5646
0.0341864 0.3222 -88.9601
0.0260151 0.323068 -79.5385
0.0295174 0.344984 -91.6853
